3|3|5031 5248|11466 6084|9107 1812|
5095 4752 0 0 -1 1|4967 5744 0 0 -1 1|5224 3761 0 0 -1 1|4838 6735 0 0 -1 1|
10010 sims, score: 0.00 because -1.06508952686436 vs -1.06660960370394
-133 -991 17
11466 6084 100
11466 6084 100
11466 6084 100
5084 4739 -9 -10 228 1|5067 5749 84 4 3 1|5318 3796 79 29 20 1|4938 6725 84 -8 354 1|
11317 sims, score: 0.00 because -1.06408828170064 vs -1.06560460769715
-1000 -1 71
11252 6074 100
11150 5968 BOOST
11130 6116 100
5019 4685 -55 -45 218 1|5251 5758 156 7 3 1|6006 4052 584 217 20 1|5122 6707 155 -15 354 1|
11307 sims, score: 0.00 because -1.06224610057228 vs -1.05826921965208
11613 6204 100
11076 6067 100
9130 5216 100
10846 6144 100
4908 4557 -94 -108 236 1|5507 5770 217 10 3 1|6684 4304 576 214 20 1|5377 6682 216 -21 354 1|
11555 sims, score: -0.01 because -1.05968334464245 vs -1.05103602118594
11733 6391 100
10655 6047 100
9162 5228 100
10602 6168 100
4786 4353 -103 -173 254 1|5824 5785 269 13 3 1|7354 4553 569 211 20 1|5693 6651 268 -26 354 1|
11597 sims, score: -0.01 because -1.0565098626238 vs -1.04388825663427
11848 6725 100
824 -566 59
9190 5240 100
10394 6188 100
4686 4080 -84 -232 272 1|6150 5783 277 -1 345 1|8017 4799 563 209 21 1|6061 6615 312 -30 354 1|
8519 sims, score: -0.02 because -1.05325585419329 vs -1.03681655619776
11641 6567 100
10722 6087 100
9214 5248 100
10218 6204 100
4636 3754 -42 -277 290 1|6529 5756 329 -117 3 1|8674 5043 558 207 21 1|6470 6607 340 87 354 1|
11265 sims, score: -0.02 because -1.04948955853963 vs -1.02980806095485
11610 7033 100
10760 6335 100
6875 984 0
10106 5736 100
4655 3398 16 -302 308 1|6957 5653 363 -87 8 1|9232 5250 474 175 3 1|6907 6671 371 54 347 1|
11390 sims, score: -0.02 because -1.04530625289954 vs -1.02385644884404
740 -673 97
10036 6427 100
7211 1112 100
9982 5868 100
4704 3005 41 -334 290 1|7417 5590 390 -53 14 1|9802 5398 484 126 345 1|7375 6700 397 24 345 1|
11194 sims, score: -0.02 because -1.04080098325416 vs -1.01800900254527
11331 7187 100
10479 6218 100
7171 1308 100
9878 5988 100
4806 2592 87 -350 308 1|7905 5557 414 -27 12 1|10369 5469 482 60 327 1|7868 6697 419 -2 344 1|
10768 sims, score: -0.02 because -1.03600859915296 vs -1.01258666809796
11125 7458 100
10148 6170 100
7179 1572 23
9790 6092 100
4976 2186 144 -345 326 1|8415 5556 433 0 15 1|10865 5511 421 35 309 1|8382 6665 437 -27 343 1|
10505 sims, score: -0.02 because -1.03097425977227 vs -1.00831410813851
11110 6937 100
9987 6084 100
7423 1672 0
9718 6192 100
5216 1813 204 -316 344 1|8943 5588 448 27 19 1|11286 5546 357 29 291 2|8913 6605 451 -51 341 1|
10469 sims, score: 0.00 because -1.02572368175924 vs -1.02606662161247
870 492 SHIELD
10140 6004 100
7679 1696 100
7303 2016 100
5420 1497 173 -268 326 1|9485 5648 461 50 19 1|11647 5475 307 -60 273 2|9443 6493 450 -95 323 1|
7916 sims, score: 0.00 because -1.02029488324569 vs -1.02064975290737
10889 6979 100
10433 5972 100
7879 2052 100
7307 2192 100
5593 1229 147 -227 344 1|10054 5521 486 -147 19 1|11927 5319 238 -132 255 2|9936 6525 416 66 305 1|
10649 sims, score: 0.00 because -1.01521179156222 vs -1.01593332978077
10925 6919 100
10254 6451 100
8155 2340 100
9802 5820 61
5740 1002 124 -192 2 1|10620 5434 481 -73 37 1|12110 5104 155 -183 237 2|10369 6533 368 6 287 1|
10648 sims, score: 0.00 because -1.01067948623208 vs -1.01186375736607
11160 6557 100
9665 6357 100
8487 2544 100
7635 1788 100
5864 810 105 -163 20 1|11159 5443 457 7 55 1|12187 4859 65 -208 219 2|10734 6439 310 -79 269 1|
11085 sims, score: 0.00 because -1.00711801921871 vs -1.00814584350455
-845 -535 7
-701 713 100
8847 2644 100
7867 2128 100
5975 651 93 -134 38 1|11645 5546 413 87 73 2|12169 4596 -15 -223 214 2|11011 6266 235 -147 251 2|
10732 sims, score: 0.00 because -1.04515963733486 vs -1.04139466010935
63 -998 SHIELD
178 984 100
9167 2704 100
8167 2400 100
6068 517 79 -113 56 1|12056 5733 349 158 91 2|12069 4320 -84 -234 212 2|11187 6038 149 -193 234 2|
10374 sims, score: -0.01 because -1.04907281982746 vs -1.03882220635329
404 915 0
7833 1235 100
9443 2748 100
8511 2584 100
6147 404 67 -96 74 1|12373 5986 269 214 109 2|11899 4035 -144 -242 211 2|11275 5766 74 -231 232 2|
10686 sims, score: -0.02 because -1.05300986495013 vs -1.03569937498829
-32 999 100
8457 1295 100
9683 2780 100
8811 2736 100
6214 308 56 -81 92 1|12582 6280 177 249 127 2|11668 3744 -196 -247 210 2|11286 5457 9 -262 231 2|
10676 sims, score: -0.02 because -1.05661347407595 vs -1.03209055091198
11315 6302 100
822 569 26
9891 2800 100
9071 2860 100
6270 227 47 -68 74 1|12738 6544 132 224 145 2|11384 3450 -241 -249 208 2|11230 5119 -47 -287 230 2|
10686 sims, score: -0.03 because -1.05965639051139 vs -1.02805994377918
11326 6286 100
8780 1258 100
10071 2808 100
9295 2960 100
6373 242 87 12 56 1|12774 6797 30 215 163 2|11053 3157 -281 -248 206 2|11116 4758 -96 -307 228 2|
10439 sims, score: -0.04 because -1.06189543710688 vs -1.02366609795593
11136 6038 100
9045 1364 100
10231 2804 100
9491 3040 100
6523 331 127 75 51 1|12704 7010 -59 181 181 2|10680 2870 -316 -244 203 2|10951 4378 -140 -322 227 2|
11097 sims, score: -0.04 because -1.06322279294251 vs -1.01896735425642
577 -817 SHIELD
9272 1304 100
6295 6224 100
9667 3100 100
6650 406 107 63 69 1|12550 7159 -130 126 199 2|10264 2617 -353 -215 185 2|10740 3985 -179 -333 225 2|
11823 sims, score: -0.05 because -1.06360685919823 vs -1.01410521417545
11183 5917 100
9521 1411 100
6443 6108 100
9823 3144 100
6757 469 90 53 51 1|12340 7225 -178 56 217 2|9813 2424 -382 -163 167 2|10487 3584 -214 -340 223 2|
11343 sims, score: -0.05 because -1.06306060038795 vs -1.009353564471
-599 801 55
9655 1639 100
6559 5900 100
5887 6608 100
6847 522 76 45 69 1|12104 7199 -200 -21 235 2|9345 2312 -397 -95 149 0|10182 3202 -259 -324 205 2|
11829 sims, score: -0.04 because -1.06165630514815 vs -1.01758244545869
-946 325 100
238 971 11
6619 5628 100
6067 6544 100
6923 567 64 38 87 1|11895 7171 -177 -23 217 2|8882 2292 -393 -16 131 0|9824 2867 -304 -285 187 2|
11883 sims, score: -0.05 because -1.06041917848668 vs -1.01276632334944
11287 5978 100
9729 1893 100
6603 5312 100
6247 6388 100
7024 698 85 111 69 1|11660 7066 -199 -89 235 2|8429 2356 -385 54 127 0|9422 2602 -341 -225 169 2|
11710 sims, score: -0.05 because -1.0584250157372 vs -1.0085152977636
312 -950 66
9681 2069 100
6571 5032 100
6395 6148 0
7113 875 75 150 87 1|11424 6884 -200 -154 248 2|7987 2492 -375 115 125 0|9081 2377 -289 -191 151 0|
11512 sims, score: -0.02 because -1.0557723798536 vs -1.04042518683715
11292 5736 100
9788 2336 100
6531 4788 100
6187 6012 100
7225 1118 94 206 69 1|11190 6636 -198 -210 250 2|7558 2691 -364 169 122 0|8724 2260 -303 -99 133 0|
11596 sims, score: -0.02 because -1.05255574320926 vs -1.03596040967235
11145 5381 100
355 935 SHIELD
6487 4572 100
6243 5644 100
7382 1401 133 240 51 1|10992 6426 -168 -178 232 2|7145 2947 -351 217 120 0|8362 2242 -307 -15 126 0|
8690 sims, score: -0.02 because -1.049852592635 vs -1.03125720371401
11144 5502 100
949 -316 SHIELD
6435 4380 100
6259 5308 SHIELD
7451 1581 -469 -383 47 1|10824 6248 -142 -151 214 2|6750 3254 -336 260 116 0|8068 2240 -196 52 124 0|
11917 sims, score: -0.02 because -1.04757759290534 vs -1.02633721418995
12550 6969 100
9648 2388 100
6375 4208 100
5815 5040 100
7051 1271 -340 -263 47 1|10682 6097 -120 -128 232 2|6377 3607 -316 300 111 0|7872 2292 -166 44 129 0|
11882 sims, score: -0.02 because -1.04566352817113 vs -1.02123444589317
12740 7070 100
94 996 44
12730 4884 100
5695 5072 100
6781 1079 -229 -162 46 1|10562 5969 -102 -108 214 2|6055 4007 -273 339 93 0|7706 2336 -141 37 128 0|
11899 sims, score: -0.03 because -1.04405347611645 vs -1.01609969931626
12203 6605 100
9348 2067 100
12558 4728 100
5595 5100 100
6622 988 -135 -77 46 1|10460 5861 -86 -91 232 2|5807 4443 -210 370 75 0|7565 2373 -119 31 127 0|
11739 sims, score: -0.03 because -1.04270146321439 vs -1.01119162198406
11962 6367 100
543 -840 98
12306 4604 100
5507 5124 100
6557 982 -54 -5 45 1|10293 5715 -141 -124 214 2|5651 4897 -132 386 57 0|7386 2484 -152 94 127 0|
11826 sims, score: -0.03 because -1.04080287025351 vs -1.00713497539163
995 96 9
9460 2123 100
11994 4540 0
5639 4872 100
6507 985 -42 2 63 1|10091 5512 -171 -172 232 2|5519 5283 -112 328 39 1|7175 2659 -179 148 126 0|
11779 sims, score: 0.00 because -1.03829681319391 vs -1.03362556251242
11571 6079 100
9766 2475 100
11914 4772 100
5747 4656 100
6535 1058 24 62 45 1|9886 5246 -174 -226 250 2|5500 5648 -16 309 21 1|6938 2888 -201 194 126 0|
11742 sims, score: 0.00 because -1.03522319761974 vs -1.03035239939005
11374 5846 100
9659 2529 100
11530 4848 100
5835 4472 100
6630 1190 80 112 45 1|9704 4920 -154 -276 265 2|5584 5963 71 267 3 1|6680 3164 -219 234 125 0|
11656 sims, score: -0.01 because -1.03165886806958 vs -1.026585495662
-673 739 65
9534 2577 100
11182 5016 100
5907 4312 100
6740 1360 93 144 63 1|9543 4544 -137 -319 266 2|5754 6213 144 212 350 1|6405 3481 -233 269 124 0|
11617 sims, score: -0.01 because -1.02767638707519 vs -1.02239396921103
11142 5582 100
9631 3032 100
10890 5236 100
5963 4172 100
6904 1574 139 182 45 1|9412 4125 -111 -356 273 2|5996 6406 205 164 349 1|6118 3834 -243 300 123 0|
11860 sims, score: -0.01 because -1.02334086652887 vs -1.01784580796746
-994 110 81
-667 -745 31
10646 5428 100
12438 4884 100
7080 1828 149 215 63 1|9293 3739 -101 -328 255 2|6299 6549 257 121 348 1|5850 4231 -227 337 105 0|
11800 sims, score: -0.01 because -1.01937016951355 vs -1.01306827510384
10966 5363 100
9323 2513 100
10438 5600 100
12374 4736 100
7300 2113 187 242 45 1|9194 3311 -83 -363 271 2|6653 6648 301 83 347 1|5629 4668 -187 371 87 0|
11368 sims, score: -0.01 because -1.01502580114401 vs -1.0083411748408
-83 -997 100
962 272 41
10262 5752 100
12214 4600 100
7533 2444 197 281 63 1|9099 2909 -80 -341 253 2|7051 6707 338 50 346 1|5478 5132 -127 394 69 1|
11925 sims, score: 0.03 because -1.01098082759338 vs -1.04459799691465
-981 195 100
9346 2830 100
10114 5884 100
11974 4508 100
7746 2824 181 322 81 1|9021 2468 -65 -374 271 2|7486 6731 369 20 345 1|5414 5603 -54 400 51 1|
11796 sims, score: 0.03 because -1.00662662643156 vs -1.04033306859084
801 599 SHIELD
9273 2765 100
9990 6004 100
11682 4484 100
7927 3146 153 273 99 1|8989 2000 -27 -398 289 0|7951 6723 395 -6 344 1|5444 6057 25 385 33 1|
11841 sims, score: -0.01 because -1.04600656075182 vs -1.03573670750736
10921 5111 100
-959 285 100
9886 6108 100
11366 4544 100
8080 3419 130 232 81 1|8964 1502 -20 -423 271 0|8441 6687 416 -30 342 1|5566 6467 103 348 15 1|
11493 sims, score: -0.01 because -1.04310024145309 vs -1.03085574321097
10995 5243 100
5094 6574 100
9802 6204 100
11054 4692 100
8210 3651 110 197 63 1|8915 983 -41 -441 253 0|8951 6624 433 -53 340 1|5769 6809 172 290 357 1|
11638 sims, score: -0.01 because -1.04065664062083 vs -1.02573376422125
908 418 0
5187 6927 100
9734 6296 100
10778 4924 100
8320 3848 93 167 81 1|8817 460 -83 -444 235 0|9476 6532 446 -77 337 1|6035 7064 225 216 339 1|
11449 sims, score: -0.02 because -1.03860725792219 vs -1.02040860079732
11279 5747 100
5297 6672 100
7323 2120 100
10566 5220 100
8459 4104 118 217 63 1|8655 -45 -138 -429 217 0|9998 6390 443 -120 319 1|6353 7242 269 151 338 1|
11306 sims, score: -0.02 because -1.03601404270483 vs -1.0150060569174
11156 5515 100
5309 6114 100
7335 2292 100
10390 5480 100
8648 4391 160 244 45 1|8423 -507 -197 -392 199 0|10493 6185 420 -174 301 1|6714 7353 306 94 336 1|
11255 sims, score: -0.02 because -1.03288523722332 vs -1.00979277175012
10916 5245 100
187 -982 SHIELD
7427 2508 100
10242 5708 100
8897 4680 211 245 27 1|8226 -899 -167 -333 183 0|10936 5914 376 -230 283 2|7111 7405 337 43 335 1|
11835 sims, score: 0.02 because -1.02928692374764 vs -1.04492330960149
10714 5211 100
5439 6062 100
7603 2732 100
10118 5912 100
9204 4953 260 232 16 1|8059 -1232 -141 -283 165 0|11304 5584 312 -280 265 2|7538 7404 362 -1 334 1|
11780 sims, score: 0.02 because -1.02530064408201 vs -1.04144904653326
-971 -241 42
5506 6202 100
7859 2932 100
10018 6088 100
9506 5184 256 196 358 1|7918 -1515 -119 -240 147 0|11577 5212 232 -316 247 2|7988 7356 382 -40 332 1|
11612 sims, score: 0.02 because -1.02157830358797 vs -1.03704347035266
10939 5680 100
5310 5811 100
8179 3076 100
9938 6244 100
9858 5408 299 190 16 1|7799 -1755 -101 -204 129 0|11744 4820 141 -333 229 2|8457 7266 398 -76 330 1|
11730 sims, score: 0.01 because -1.01745391786993 vs -1.03233872351795
10398 5405 100
5385 5963 100
8543 3144 100
9874 6388 100
10257 5597 339 161 360 1|7662 -1866 -116 -94 111 0|11800 4435 47 -327 211 2|8940 7137 410 -109 328 1|
11721 sims, score: 0.01 because -1.01304475250861 vs -1.02737729939666
10568 5658 100
5375 5526 100
8919 3120 100
9826 6520 100
10694 5777 371 153 11 1|7516 -1864 -123 1 107 0|11756 4066 -37 -313 205 2|9432 6971 418 -141 325 1|
11667 sims, score: 0.01 because -1.00831877960398 vs -1.02220026669996
10515 5692 100
5326 5246 100
9255 3064 100
7435 2376 100
11164 5918 399 119 353 2|7364 -1767 -129 82 107 0|11626 3716 -110 -297 202 2|9910 6750 406 -187 307 1|
11558 sims, score: -0.03 because -1.04593511733529 vs -1.01693571679143
7514 1337 100
5456 4978 100
9547 3000 100
7483 2560 100
11654 5995 416 65 335 2|7208 -1589 -132 151 106 0|11421 3386 -173 -280 199 2|10349 6469 372 -239 289 1|
11723 sims, score: -0.04 because -1.04898489234996 vs -1.01182516030637
7837 1614 100
-856 -517 SHIELD
9799 2932 100
7619 2768 100
12143 5992 415 -2 317 2|7076 -1438 -112 128 124 0|11152 3079 -228 -260 196 2|10723 6130 317 -288 271 1|
11919 sims, score: -0.04 because -1.05167277036886 vs -1.00745446651873
7912 1818 100
5359 4874 100
10019 2852 100
7839 2964 0
12607 5903 394 -75 299 2|6964 -1310 -95 108 106 0|10826 2799 -277 -237 191 2|11040 5842 269 -244 253 2|
11861 sims, score: -0.03 because -1.05384959248757 vs -1.01983248015614
8240 1977 100
5395 4834 100
6139 6196 100
8031 2788 100
13020 5730 351 -147 281 2|6869 -1202 -80 91 104 0|10450 2574 -319 -191 173 2|11252 5516 180 -277 235 2|
11896 sims, score: -0.04 because -1.05538421399855 vs -1.01545158407098
8388 2113 100
668 744 12
6307 6012 100
8387 2920 100
13359 5484 288 -209 263 2|6789 -1111 -68 77 122 0|10040 2425 -348 -126 155 2|11358 5172 90 -292 222 2|
11404 sims, score: -0.05 because -1.05619169569963 vs -1.01117399704465
8119 2529 100
5291 4954 100
6423 5752 100
8747 2980 100
13605 5184 209 -254 245 2|6696 -937 -78 147 104 0|9618 2367 -358 -49 137 2|11371 4816 11 -302 220 2|
11764 sims, score: -0.05 because -1.0562266417997 vs -1.00755455272312
8559 2478 100
5325 4695 100
6463 5444 0
9063 3020 100
13746 4857 119 -278 227 2|6594 -693 -86 207 104 0|9260 2318 -304 -41 136 0|11303 4453 -57 -308 218 2|
11742 sims, score: -0.02 because -1.05550146581453 vs -1.03435770796433
8809 2507 100
5285 4637 100
6247 5412 100
9335 3044 100
13778 4530 26 -277 209 2|6484 -389 -93 258 104 0|8886 2349 -317 26 134 0|11165 4087 -117 -311 216 2|
11729 sims, score: -0.02 because -1.05405294051196 vs -1.03068781762233
9012 2827 100
913 -409 36
6299 5144 100
9575 3056 100
13710 4219 -57 -264 200 2|6372 -100 -95 245 122 0|8501 2448 -327 84 133 0|10964 3722 -170 -310 213 2|
11744 sims, score: -0.03 because -1.05195403795479 vs -1.02664979459579
9329 2840 100
5246 4693 100
6339 4912 100
9787 3052 100
13558 3925 -129 -249 197 2|6253 242 -101 290 104 0|8108 2607 -334 135 131 0|10707 3363 -218 -305 210 2|
11736 sims, score: -0.03 because -1.04928136875227 vs -1.02229403401696
9371 2322 100
5427 4111 100
6367 4708 100
9979 3032 100
13336 3640 -189 -242 201 2|6131 630 -103 329 102 0|7710 2819 -338 180 130 0|10398 3017 -262 -294 204 2|
11833 sims, score: -0.03 because -1.04608218512905 vs -1.01767022005906
9855 2770 100
5404 4056 100
6383 4528 100
6079 6424 100
13050 3374 -243 -226 194 2|6007 1057 -105 362 102 0|7311 3078 -339 220 128 0|10037 2712 -307 -259 186 2|
11496 sims, score: -0.03 because -1.04242162341255 vs -1.01295210752471
9647 2314 100
-131 -991 100
6387 4368 100
6259 6284 100
12712 3118 -287 -217 197 2|5852 1506 -131 381 120 0|6914 3379 -337 256 126 0|9632 2473 -344 -203 168 2|
10906 sims, score: -0.03 because -1.03832044085367 vs -1.00845150929246
9847 2371 100
5369 4264 100
6379 4224 100
6407 6060 100
12328 2876 -326 -205 195 2|5700 1985 -128 406 102 0|6524 3719 -331 289 122 0|9201 2319 -366 -130 150 0|
11502 sims, score: -0.01 because -1.03331909182225 vs -1.02138079269277
10158 2473 100
5381 4137 100
12790 4928 100
6495 5768 100
11904 2653 -360 -189 191 2|5557 2490 -121 429 98 0|6168 4105 -302 328 104 0|8768 2263 -368 -47 132 0|
11024 sims, score: -0.01 because -1.02808740018322 vs -1.01613256871746
10323 2450 100
5375 4029 100
12674 4772 100
6503 5436 100
11445 2451 -390 -171 187 2|5424 3018 -112 449 97 0|5872 4533 -251 363 86 0|8342 2297 -362 29 126 0|
11385 sims, score: -0.01 because -1.02265389269912 vs -1.01104903944659
10096 2246 100
5472 3478 100
12470 4632 100
6479 5132 100
10956 2265 -415 -158 189 2|5322 3566 -86 466 84 0|5658 4989 -181 387 68 0|7925 2410 -354 95 123 0|
10869 sims, score: -0.01 because -1.01708006148676 vs -1.00679428327996
-915 404 33
5312 3723 100
12190 4536 0
6447 4868 100
10508 2102 -380 -138 189 2|5230 4132 -78 480 94 0|5477 5376 -153 328 50 1|7519 2591 -344 153 121 0|
11216 sims, score: 0.03 because -1.01134617853214 vs -1.03641086817928
10619 2361 100
5214 4121 100
12078 4772 100
6407 4636 100
10029 1980 -406 -103 171 2|5115 4705 -97 487 112 1|5408 5757 -58 324 32 1|7127 2832 -333 204 119 0|
11394 sims, score: 0.02 because -1.00938245868897 vs -1.03199540307019
-858 -514 100
-766 -643 40
11698 4788 100
6363 4432 100
9524 1862 -429 -100 189 0|4992 5223 -104 440 130 1|5447 6106 33 296 14 1|6751 3126 -319 250 116 0|
11649 sims, score: -0.03 because -1.0562708032956 vs -1.02732595289939
6479 5585 100
11838 4511 100
11334 4900 100
6307 4248 100
8996 1778 -448 -71 171 0|4851 5756 -119 453 112 1|5580 6396 112 246 356 1|6395 3469 -302 291 112 0|
11708 sims, score: -0.03 because -1.05270043836079 vs -1.02242785286325
6694 5512 100
11749 5007 100
11018 5100 100
12674 4920 100
8459 1753 -456 -21 153 0|4726 6309 -106 469 94 1|5789 6619 177 189 347 1|6087 3860 -262 332 94 0|
11462 sims, score: -0.03 because -1.04896596928826 vs -1.0174509830545
6025 5294 100
11683 5123 100
10758 5328 100
12514 4756 100
7932 1803 -447 42 135 0|4645 6875 -69 480 76 1|6063 6783 232 139 345 1|5850 4289 -201 364 76 0|
11294 sims, score: -0.03 because -1.04504825543321 vs -1.01262181753794
6665 5094 100
11620 5010 100
10538 5528 100
12270 4628 100
7440 1934 -418 111 117 0|4630 7439 -13 479 58 1|6391 6895 279 95 344 1|5703 4737 -125 381 58 0|
11396 sims, score: -0.03 because -1.04098126804535 vs -1.00845269967509
219 -976 100
11500 4818 100
10350 5704 100
11966 4560 2
6951 2116 -415 154 135 0|4694 7982 54 461 40 1|6766 6961 318 56 343 1|5580 5119 -104 324 40 1|
10944 sims, score: 0.01 because -1.03674736618102 vs -1.04782181794423
5915 4920 100
11340 5011 100
10194 5860 100
11882 4788 100
6491 2359 -391 206 117 0|4841 8480 124 423 22 1|7179 6986 351 21 342 1|5569 5480 -9 306 22 1|
11655 sims, score: 0.01 because -1.03238032142284 vs -1.04381923690935
6103 4683 100
-872 490 SHIELD
10062 6000 100
11502 4860 100
6084 2664 -346 258 99 0|4965 8903 105 359 4 1|7625 6975 378 -9 341 1|5660 5792 77 265 4 1|
11099 sims, score: 0.01 because -1.02791387149163 vs -1.03944047101157
76 997 SHIELD
11156 5022 100
9954 6120 100
11158 5024 100
5738 2922 -294 219 117 0|5070 9262 89 305 346 1|8097 6932 401 -36 340 1|5836 6043 149 213 352 1|
11100 sims, score: 0.01 because -1.02432146285393 vs -1.03475141073055
-313 950 89
11117 4887 100
9862 6228 100
10870 5232 100
5444 3141 -249 186 135 0|5159 9567 75 259 328 1|8591 6859 419 -62 338 1|6084 6240 210 167 351 1|
11054 sims, score: 0.01 because -1.02148167295346 vs -1.02978678735031
5843 4641 100
1000 15 58
9790 6332 100
10626 5416 100
5195 3327 -211 158 117 0|5234 9826 63 220 310 1|9102 6757 433 -86 336 1|6392 6389 262 126 350 1|
12022 sims, score: 0.01 because -1.01929060502559 vs -1.02458981872115
771 636 100
11304 5519 100
7375 2156 100
10418 5580 100
4984 3485 -179 134 135 0|5379 9988 122 137 325 1|9610 6604 431 -129 318 1|6752 6495 306 90 349 1|
12101 sims, score: 0.00 because -1.01764698691417 vs -1.01928516125322
-989 145 7
11211 5797 100
7383 2328 100
10242 5724 100
4799 3622 -157 116 153 0|5582 10067 172 66 324 1|10091 6389 409 -183 300 1|7156 6563 343 58 348 1|
12048 sims, score: 0.00 because -1.01643538709015 vs -1.01409464467158
5492 4908 100
10782 5822 100
7471 2544 100
10094 5852 100
4571 3808 -194 158 135 0|5831 10070 212 2 321 1|10521 6108 365 -238 282 1|7596 6597 374 29 346 1|
11765 sims, score: -0.01 because -1.01512756821221 vs -1.00946343751309
5509 4859 100
10897 6079 100
7647 2764 0
9970 5968 100
4331 4055 -204 209 117 0|6122 10010 246 -50 322 1|10886 5870 310 -202 264 1|8067 6600 400 2 345 1|
11850 sims, score: -0.01 because -1.01384268754852 vs -1.00619254404994
5453 4816 100
10654 6249 100
7867 2620 0
9866 6076 100
4111 4363 -187 261 99 0|6445 9896 274 -96 320 1|11196 5668 263 -171 246 2|8563 6574 421 -22 344 1|
11748 sims, score: 0.02 because -1.01277630704784 vs -1.02945107203557
5618 4429 100
879 -477 100
8055 2496 100
9782 6172 100
3939 4723 -146 305 81 0|6772 9715 278 -153 302 1|11392 5422 166 -208 228 2|9079 6521 438 -45 342 1|
11179 sims, score: 0.01 because -1.01212706570472 vs -1.02427714930864
5441 4391 100
10447 6645 100
8443 2644 100
7355 1992 100
3838 5117 -86 335 63 0|7127 9498 301 -184 320 1|11485 5145 79 -235 223 2|9598 6417 440 -88 324 1|
11602 sims, score: 0.01 because -1.01201226031968 vs -1.01898490020637
5219 4514 100
10670 6570 100
8791 2752 100
7347 2164 100
3822 5523 -13 345 45 0|7505 9250 321 -210 320 1|11489 4844 3 -256 222 2|10096 6248 423 -143 306 1|
9983 sims, score: 0.00 because -1.01240932154009 vs -1.01380819699747
5081 3913 100
10344 6818 100
9095 2836 100
7415 2384 100
3898 5914 64 332 27 0|7902 8975 337 -233 319 1|11415 4524 -62 -272 220 2|10549 6010 385 -202 288 1|
10768 sims, score: 0.00 because -1.01315292823808 vs -1.0092101658959
4899 4562 100
10237 6934 100
9355 2900 100
7567 2620 0
4061 6262 138 296 9 0|8314 8676 350 -253 319 1|11274 4190 -119 -283 218 2|10934 5808 327 -171 270 2|
10824 sims, score: 0.02 because -1.01404285619926 vs -1.0321830566242
4585 4291 100
10705 6634 100
9583 2944 100
7799 2496 100
4298 6543 201 239 351 0|8740 8358 362 -270 320 1|11074 3848 -169 -290 216 2|11230 5542 251 -226 252 2|
10418 sims, score: 0.01 because -1.01489092622069 vs -1.02832011833968
265 964 100
10577 6747 100
9783 2972 100
8103 2716 100
4588 6737 246 165 333 0|9177 8022 371 -285 319 1|10822 3502 -213 -294 214 2|11422 5235 163 -260 234 2|
10913 sims, score: 0.01 because -1.0155453248664 vs -1.02408804808366
4150 4657 100
10128 7112 100
9959 2988 100
8455 2852 100
4905 6832 269 80 315 0|9620 7668 376 -301 316 1|10523 3157 -254 -293 211 2|11507 4912 72 -274 219 2|
10871 sims, score: 0.00 because -1.01590027785708 vs -1.01954006434219
4194 4999 100
10676 6717 100
6047 6420 100
8819 2908 100
5220 6823 267 -7 297 0|10070 7300 382 -312 318 1|10171 2842 -298 -267 193 2|11499 4578 -6 -283 217 2|
11357 sims, score: 0.00 because -1.01587317980747 vs -1.01481913335644
4402 5264 100
10061 7232 100
6223 6316 100
9131 2944 100
5503 6717 240 -89 279 0|10502 6901 367 -338 300 1|9773 2584 -337 -219 175 2|11411 4238 -75 -288 215 2|
10669 sims, score: 0.00 because -1.01264655014355 vs -1.01020611801493
4236 5543 100
10211 7240 100
6379 6124 100
9407 2964 100
5728 6529 191 -159 261 0|10890 6465 329 -370 282 1|9344 2404 -364 -152 157 2|11252 3896 -135 -290 212 2|
9848 sims, score: 0.00 because -1.00691620838851 vs -1.00638707724994
4617 5593 100
10192 7517 100
6487 5856 0
9647 2972 100
5874 6281 124 -211 243 0|11209 5996 270 -399 264 2|8980 2252 -309 -129 139 0|11030 3556 -188 -288 210 2|
10754 sims, score: 0.01 because -1.01334365239932 vs -1.02597097526712
-894 -449 100
8179 3184 100
6267 5764 100
9859 2964 100
5928 5999 45 -239 225 0|11438 5506 194 -416 246 2|8610 2202 -314 -42 128 0|10753 3223 -235 -283 207 2|
10735 sims, score: 0.01 because -1.01170919741552 vs -1.02169049995341
4872 6092 100
8537 3033 100
6287 5416 100
10047 2944 100
5884 5714 -37 -242 207 0|11565 5016 108 -416 228 2|8237 2241 -316 33 126 0|10425 2903 -278 -271 202 2|
10962 sims, score: 0.01 because -1.00973030608685 vs -1.01712010056433
5164 6121 100
8886 2664 100
6295 5116 100
6143 6332 100
5748 5456 -115 -219 189 0|11598 4534 27 -409 221 2|7865 2357 -316 98 124 0|10047 2626 -321 -235 184 2|
11246 sims, score: 0.00 because -1.00747597678832 vs -1.01244501782021
5482 6106 100
9005 3364 100
6295 4856 100
6315 6188 100
5534 5252 -181 -173 171 1|11534 4084 -54 -382 204 2|7496 2540 -313 155 122 0|9629 2416 -355 -178 166 2|
10526 sims, score: -0.03 because -1.03325561818205 vs -1.0079934733542
12175 6761 100
9249 2815 100
6283 4628 100
6451 5960 100
5264 5124 -229 -109 153 1|11393 3653 -120 -365 209 2|7133 2781 -308 205 120 0|9190 2292 -373 -105 148 0|
10727 sims, score: 0.00 because -1.02936207899804 vs -1.03242114584723
12053 6363 100
723 -690 7
6263 4428 100
6523 5668 100
4964 5085 -255 -33 135 1|11267 3285 -107 -312 202 2|6778 3074 -301 249 118 0|8753 2264 -371 -23 130 0|
10603 sims, score: 0.00 because -1.02615511995852 vs -1.02790005395471
773 -634 26
9394 2648 100
6235 4252 100
6515 5340 100
4686 5064 -236 -18 153 1|11065 2941 -171 -292 199 2|6435 3414 -291 288 115 0|8323 2322 -365 49 126 0|
10408 sims, score: 0.00 because -1.02261246653292 vs -1.02310756580227
12135 6135 100
9531 2535 100
12630 4932 100
6491 5052 100
4379 5116 -261 44 135 1|10797 2623 -227 -269 195 2|6132 3801 -257 329 97 0|7902 2454 -357 112 124 0|
11338 sims, score: 0.00 because -1.01875590399636 vs -1.01819283719339
12368 5932 100
-260 966 100
12494 4768 100
6459 4800 100
4072 5249 -261 112 117 1|10471 2339 -277 -241 189 2|5895 4228 -201 363 79 0|7493 2651 -347 167 122 0|
11185 sims, score: 0.00 because -1.01463341485455 vs -1.01337784078701
12120 5803 100
10191 2755 100
12270 4632 100
6419 4580 100
3795 5460 -235 179 99 1|10095 2114 -319 -190 171 2|5743 4678 -129 382 61 0|7097 2905 -336 216 119 0|
11224 sims, score: 0.00 because -1.01034202318793 vs -1.00913086060719
12304 5446 100
696 718 100
11982 4556 1
6375 4384 100
3575 5738 -187 236 81 1|9677 1909 -355 -173 188 0|5615 5061 -109 325 43 0|6717 3211 -322 259 116 0|
11409 sims, score: -0.05 because -1.05722463171487 vs -1.00614235215908
11996 5415 100
5766 5606 100
11902 4784 0
6319 4212 100