3|6|4561 2181|7339 4922|3326 7206|14574 7695|10538 5038|13085 2317|
4912 1825 0 0 -1 1|4210 2537 0 0 -1 1|5615 1113 0 0 -1 1|3507 3249 0 0 -1 1|
8204 sims, score: 0.00 because -0.0644591936697782 vs -0.0694298912789688
7339 4922 100
7339 4922 100
7339 4922 100
7339 4922 100
4974 1904 52 66 52 1|4290 2598 67 51 37 1|5656 1204 35 77 66 1|3599 3289 77 34 24 1|
9999 sims, score: 0.01 because -0.0495676396318541 vs -0.0642925239745526
7136 4665 100
5083 3207 BOOST
7339 4922 100
7339 4922 100
5088 2049 96 123 52 1|4873 3045 495 379 38 1|5732 1372 64 142 66 1|3768 3363 143 62 24 1|
10198 sims, score: 0.03 because -0.0292079224069661 vs -0.0579147115436587
5706 2835 BOOST
5738 3697 100
7339 4922 100
7339 4922 100
5586 2683 423 538 52 1|5448 3484 488 373 37 1|5837 1605 89 198 66 1|4003 3465 199 86 24 1|
7625 sims, score: 0.03 because -0.0168848664439087 vs -0.0505855717627957
6149 3509 95
5489 3508 100
7339 4922 100
7339 4922 100
6097 3093 436 336 56 1|5988 4114 456 547 30 1|5967 1894 110 245 66 1|4294 3591 247 107 24 1|
10308 sims, score: 0.04 because -0.00690080411931203 vs -0.0423247050358706
6567 3976 100
6948 4393 100
7339 4922 100
7339 4922 100
6580 3517 410 360 62 1|6540 4689 469 488 16 1|6118 2230 128 285 66 1|4633 3738 287 124 24 1|
10292 sims, score: 0.79 because 0.753786496457917 vs -0.0335377861541928
6882 4470 59
7359 5263 7
7339 4922 100
7339 4922 100
7008 3933 363 353 72 1|7015 5181 403 418 34 2|6287 2606 143 319 66 1|5012 3902 321 139 24 1|
10343 sims, score: 1.66 because 1.63198837513091 vs -0.0245945708299037
6512 4117 100
7548 6027 4
7339 4922 100
7339 4922 100
7370 4386 307 385 90 2|7420 5602 344 357 52 2|6471 3016 156 348 66 1|5425 4081 350 152 24 1|
10223 sims, score: 1.69 because 1.67194576961053 vs -0.0156232342566762
2210 5806 100
7757 6544 0
7339 4922 100
7339 4922 100
7645 4866 234 407 108 2|7764 5959 292 303 70 2|6668 3455 167 373 66 1|5867 4273 375 163 24 1|
7662 sims, score: 1.79 because 1.71519589383432 vs -0.0702922220025149
2436 5659 100
7794 6959 12
7339 4922 100
7339 4922 100
7820 5353 148 414 126 2|8056 6274 248 267 88 2|6892 3903 394 171 65 1|6318 4492 179 396 24 1|
10312 sims, score: 1.78 because 1.76168937120938 vs -0.0154637679098083
3003 6303 100
7777 7234 0
7339 4922 100
7339 4922 100
7887 5825 56 401 144 2|8304 6541 210 226 106 2|7326 4166 369 223 66 1|6589 4927 230 369 23 1|
9417 sims, score: 0.26 because 1.81126786866132 vs 1.54659817521877
3151 5951 100
7680 7323 0
7339 4922 100
7339 4922 100
7848 6256 -33 366 162 2|8514 6767 178 192 124 2|7705 4489 322 274 84 2|6919 5304 280 320 5 2|
9562 sims, score: 0.27 because 1.85083278973654 vs 1.58573925514706
6856 6385 100
2615 6439 100
3326 7206 100
3326 7206 100
7716 6635 -112 322 173 2|8613 7020 84 215 142 2|8006 4861 255 315 102 2|7291 5663 316 304 23 2|
9796 sims, score: 0.25 because 1.88101434043681 vs 1.62643613280108
6718 6696 100
3139 6727 100
3326 7206 100
3326 7206 100
7504 6963 -180 278 177 2|8603 7269 -8 211 160 2|8211 5262 173 341 120 2|7683 6032 332 313 41 2|
7009 sims, score: 0.24 because 1.91352288793432 vs 1.66881411323631
6504 6954 100
3354 6463 100
3326 7206 100
3326 7206 100
7224 7240 -237 235 181 2|8495 7483 -91 182 178 2|8310 5667 127 210 138 2|8066 6433 282 474 59 2|
7278 sims, score: 0.21 because 1.92470357375553 vs 1.71714601731001
6228 7156 92
3510 6839 100
3326 7206 100
3326 7206 100
6895 7467 -279 193 185 2|8328 7818 -106 537 187 2|8345 5917 30 212 156 2|8347 6838 203 92 77 2|
10509 sims, score: 0.17 because 1.92534686818863 vs 1.75107481652019
5911 7290 97
7356 7583 19
3326 7206 100
3326 7206 100
6521 7643 -318 149 190 2|8204 8351 -105 452 194 2|8278 6154 -56 201 166 2|8542 7030 165 162 95 2|
10493 sims, score: 0.15 because 1.92692711530528 vs 1.77805218326374
5559 7371 100
7253 8043 100
3326 7206 100
3326 7206 100
6107 7765 -352 103 196 2|8004 8772 -170 358 198 2|8124 6376 -130 188 168 2|8668 7284 107 216 113 2|
10212 sims, score: 0.12 because 1.93739644741097 vs 1.81256531017791
5141 7507 69
7072 8410 100
3326 7206 100
3326 7206 100
5688 7850 -355 72 195 2|7741 9094 -223 273 201 2|7895 6581 -194 174 170 2|8710 7576 35 247 131 2|
9989 sims, score: 0.11 because 1.94442726222365 vs 1.83776794879639
4745 7516 100
6866 8611 79
3326 7206 100
3326 7206 100
5239 7889 -381 32 200 2|7449 9329 -248 199 209 2|7602 6769 -249 159 172 2|8659 7875 -42 253 149 2|
10141 sims, score: 0.08 because 1.95102589077882 vs 1.87253518249784
4337 7456 100
6586 8823 11
3326 7206 100
3326 7206 100
4768 7878 -400 -9 206 2|7192 9522 -218 164 210 2|7254 6938 -296 143 174 2|8520 8151 -118 234 167 2|
10640 sims, score: 0.05 because 1.95383285890059 vs 1.90055324233285
3948 7306 91
6374 8947 100
3326 7206 100
3326 7206 100
4293 7817 -403 -51 215 2|6892 9628 -254 90 215 2|6858 7088 -336 127 176 2|8302 8377 -184 191 185 2|
10846 sims, score: 0.05 because 1.96020501877549 vs 1.9061285422912
3603 7093 100
6104 9012 79
3326 7206 100
3326 7206 100
3821 7694 -401 -104 226 2|6576 9669 -268 35 218 2|6422 7218 -370 110 178 2|8021 8545 -239 142 193 2|
9595 sims, score: 0.75 because 2.65362003542602 vs 1.90787470695888
4803 7589 100
5813 9023 100
3326 7206 100
3326 7206 100
3377 7500 -377 -165 244 3|6232 9639 -292 -25 220 2|5952 7328 -399 93 180 2|7686 8660 -284 97 196 2|
10581 sims, score: 0.77 because 2.68256147980617 vs 1.91444406092584
15645 8164 100
5490 8968 100
3326 7206 100
3326 7206 100
2987 7236 -331 -224 262 3|5866 9547 -311 -78 222 2|5453 7416 -424 75 183 2|7307 8725 -322 55 198 2|
10527 sims, score: 0.79 because 2.71331335377876 vs 1.92365603039931
15440 8281 100
5162 8837 99
3326 7206 100
3326 7206 100
2674 6914 -266 -274 280 3|5485 9399 -323 -126 225 2|4929 7481 -444 55 186 2|6892 8744 -353 16 201 2|
9556 sims, score: 0.81 because 2.744822374093 vs 1.93713598230668
15627 8779 100
4821 8651 100
3326 7206 100
3326 7206 100
2456 6552 -185 -307 298 3|5096 9198 -330 -170 228 2|4386 7519 -461 32 190 2|6447 8720 -378 -20 203 2|
10217 sims, score: 0.19 because 2.77614410667639 vs 2.5816014286404
14998 8399 100
4480 8410 70
3326 7206 100
3326 7206 100
2343 6176 -95 -319 316 3|4723 8973 -317 -191 232 2|3829 7523 -473 3 196 3|5979 8656 -397 -54 206 2|
11305 sims, score: 0.22 because 2.80979552728049 vs 2.59118086062225
14860 8657 100
4159 8147 90
14574 7695 100
3326 7206 100
2338 5814 -4 -307 334 3|4355 8708 -312 -225 236 2|3274 7469 -472 -45 214 3|5494 8554 -412 -86 209 2|
11275 sims, score: 0.22 because 2.84444895761188 vs 2.62292939011543
14583 8386 100
3864 7837 100
14574 7695 100
3326 7206 100
2433 5494 80 -272 352 3|3994 8396 -306 -265 241 2|2741 7345 -453 -105 232 3|4997 8415 -422 -117 212 2|
11161 sims, score: 0.22 because 2.87990871015893 vs 2.65751501593502
14325 8540 100
3630 7465 100
14574 7695 100
3326 7206 100
2611 5240 151 -215 10 3|3652 8038 -291 -304 249 2|2255 7146 -413 -169 250 3|4494 8239 -427 -149 216 2|
7822 sims, score: 0.92 because 3.61015089507107 vs 2.68892259269497
3587 5459 24
3722 7040 0
14574 7695 100
3326 7206 100
2785 5030 148 -178 13 3|3235 7695 -416 -309 267 3|1839 6877 -353 -228 268 3|4119 8062 -257 -131 221 2|
10580 sims, score: 0.92 because 3.63747508144519 vs 2.72096430331921
3757 5266 100
16205 8907 100
14574 7695 100
3326 7206 100
3030 4876 208 -131 14 3|2844 7289 -332 -344 285 3|1514 6553 -275 -275 286 3|3794 7858 -276 -173 227 2|
10798 sims, score: 0.22 because 3.66668403276208 vs 3.44953491695333
3998 5128 100
15710 8872 100
14574 7695 100
3326 7206 100
3335 4770 259 -89 15 3|2566 6861 -236 -363 303 3|1296 6196 -185 -303 304 3|3460 7604 -284 -216 234 3|
10952 sims, score: 0.21 because 3.69737239869437 vs 3.48390536255792
4299 5036 100
15046 8422 100
14574 7695 100
14574 7695 100
3690 4708 302 -53 15 3|2407 6435 -134 -362 321 3|1190 5832 -89 -309 322 3|3146 7293 -267 -264 252 3|
10505 sims, score: 0.19 because 3.73002496384457 vs 3.53910580774859
4651 4984 100
14964 8749 100
14574 7695 100
14574 7695 100
4088 4683 338 -21 16 3|2366 6037 -34 -338 339 3|1195 5490 4 -291 340 3|2880 6929 -226 -309 270 3|
10496 sims, score: 0.17 because 3.764213226744 vs 3.59600667418246
5046 4970 100
14705 8999 100
14574 7695 100
14574 7695 100
4522 4691 368 6 17 3|2432 5693 55 -292 357 3|1299 5196 88 -249 358 3|2685 6525 -165 -343 288 3|
7887 sims, score: 0.14 because 3.78840595211265 vs 3.64391974351248
13787 7682 100
14459 8304 100
14574 7695 100
14574 7695 100
4985 4728 393 31 18 3|2553 5276 90 -414 12 3|1485 4965 158 -195 11 3|2611 6247 -50 -175 306 3|
10879 sims, score: 0.12 because 3.79653942612498 vs 3.67790815680656
13654 7622 100
3526 5505 100
14574 7695 100
14574 7695 100
5473 4791 414 53 18 3|2740 4885 159 -332 13 3|1741 4790 217 -148 12 3|2642 6014 26 -198 324 3|
10818 sims, score: 0.09 because 3.80444847484167 vs 3.71272648780681
13531 7561 100
3705 5145 100
14574 7695 100
14574 7695 100
5982 4877 432 72 19 3|2996 4579 217 -260 15 3|2056 4664 267 -107 13 3|2763 5786 103 -194 342 3|
10910 sims, score: 0.06 because 3.81203324789089 vs 3.74870735237769
13283 7480 100
3956 4858 100
14574 7695 100
14574 7695 100
6508 4983 447 89 20 3|3309 4347 266 -197 16 3|2420 4581 309 -70 14 3|2966 5593 172 -164 0 3|
10894 sims, score: 0.05 because 3.82197543424524 vs 3.77048858020203
13426 7466 100
4262 4650 100
14574 7695 100
14574 7695 100
7049 5106 459 104 20 3|3670 4180 307 -141 18 3|2826 4536 344 -38 14 3|3236 5447 229 -124 10 3|
10464 sims, score: 0.05 because 3.83271042536389 vs 3.7801801208968
7990 5444 100
4616 4505 100
14574 7695 100
14574 7695 100
7602 5244 470 117 20 3|4072 4071 341 -92 19 3|3267 4524 374 -10 15 3|3563 5342 278 -88 11 3|
6934 sims, score: 0.05 because 3.84107380288548 vs 3.78762603982689
13230 7361 100
5007 4426 100
14574 7695 100
14574 7695 100
8166 5396 479 129 21 3|4506 4014 369 -48 21 3|3719 4481 356 -126 16 3|3957 5335 363 84 12 3|
9806 sims, score: 0.05 because 3.85288040709667 vs 3.79834751779731
13182 7320 100
5439 4374 100
14574 7695 100
14574 7695 100
8738 5561 486 140 21 3|4968 4002 392 -10 21 3|4171 4383 384 -82 16 3|4418 5441 391 89 13 3|
10072 sims, score: 0.06 because 3.8641838413332 vs 3.80869202642429
13226 7307 100
5896 4375 100
14574 7695 100
14574 7695 100
9317 5737 492 149 21 3|5453 4029 412 23 22 3|4650 4331 407 -43 18 3|4907 5552 415 94 13 3|
9995 sims, score: 0.06 because 3.87508203935058 vs 3.81810691871502
13437 7351 100
6378 4410 32
14574 7695 100
14574 7695 100
9902 5922 497 157 21 3|5924 4054 500 -14 22 3|5122 4330 301 34 19 3|5420 5668 435 98 12 3|
10258 sims, score: 0.06 because 3.88713883462865 vs 3.83171483027925
10833 6286 100
6839 4457 62
14574 7695 100
14574 7695 100
10492 6115 501 164 21 3|6481 4065 473 9 24 3|5517 4398 335 57 20 3|5953 5788 452 101 12 3|
10688 sims, score: 0.05 because 3.89745060025484 vs 3.84263694827115
13516 7349 100
7387 4489 57
14574 7695 100
14574 7695 100
11086 6317 504 171 22 3|7006 4098 445 28 25 3|5946 4489 364 77 20 3|6503 5911 467 104 12 3|
10436 sims, score: 0.05 because 3.90895768242803 vs 3.85399283653373
13361 7283 100
7900 4547 100
14574 7695 100
14574 7695 100
11682 6527 506 178 23 3|7540 4171 454 61 27 3|6404 4601 389 95 20 3|7068 6037 479 106 12 3|
10476 sims, score: 0.06 because 3.92053720579421 vs 3.86528364241566
13502 7318 100
8425 4637 78
14574 7695 100
14574 7695 100
12280 6745 508 185 23 3|8063 4268 444 82 28 3|6887 4731 410 110 21 3|7645 6165 490 108 12 3|
10088 sims, score: 0.06 because 3.93164425219129 vs 3.87646206965324
13553 7323 100
8939 4750 89
14574 7695 100
14574 7695 100
12879 6971 509 192 24 3|8585 4393 443 106 29 3|7390 4877 427 124 21 3|8233 6295 499 110 12 3|
10256 sims, score: 0.05 because 3.9442437424525 vs 3.88932427497525
13790 7384 89
9450 4896 65
14574 7695 100
14574 7695 100
13469 7200 501 194 24 3|9084 4532 424 117 30 3|7910 5038 442 136 21 3|8830 6427 507 111 12 3|
10177 sims, score: 0.74 because 4.64164468855014 vs 3.9004664240434
14468 7150 95
13700 7454 100
14574 7695 100
14574 7695 100
14064 7405 506 173 6 4|9592 4702 432 144 32 3|8445 5211 454 147 22 3|9435 6560 513 112 12 3|
9605 sims, score: 0.76 because 4.6706367533595 vs 3.91225337680875
15041 7192 0
13578 7363 100
14574 7695 100
14574 7695 100
14570 7578 430 147 348 4|10107 4902 437 169 34 3|8992 5396 464 156 22 3|10046 6694 519 113 12 3|
9836 sims, score: 0.78 because 4.70408566629621 vs 3.92468721809444
15354 6958 9
10948 5443 100
14574 7695 100
14574 7695 100
15008 7721 372 121 330 4|10628 5125 442 189 33 3|9548 5590 472 164 22 3|10663 6829 524 114 12 3|
9625 sims, score: 0.80 because 4.73477471009205 vs 3.93626825992783
9227 4612 100
11455 5688 100
14574 7695 100
14574 7695 100
15447 7768 373 40 312 4|11153 5370 445 208 34 3|10112 5793 479 172 23 3|11285 6965 528 115 12 3|
9852 sims, score: 0.82 because 4.76505931318644 vs 3.94799531224165
9184 4893 100
11968 5950 100
14574 7695 100
14574 7695 100
15861 7717 352 -43 294 4|11679 5636 447 226 35 3|10683 6004 485 179 23 3|11911 7102 531 116 13 3|
9820 sims, score: 0.84 because 4.79571041263177 vs 3.95970145191049
9437 5172 100
12479 6236 100
14574 7695 100
14574 7695 100
16224 7575 308 -121 276 4|12206 5922 447 243 37 3|11260 6223 490 186 23 3|12540 7240 534 117 13 3|
9719 sims, score: 0.89 because 4.82679397999714 vs 3.93792894183991
9616 5400 100
12986 6548 100
14574 7695 100
14574 7695 100
16512 7356 244 -186 258 4|12731 6228 446 259 39 3|11841 6450 494 192 24 3|13172 7379 536 118 13 3|
9511 sims, score: 0.92 because 4.85689404297521 vs 3.93630694274437
9682 5690 100
13492 6877 0
14574 7695 100
14574 7695 100
16707 7083 165 -231 240 4|13208 6479 535 179 40 3|12395 6692 340 239 24 3|13806 7519 538 118 13 3|
9912 sims, score: 0.29 because 4.89092547206827 vs 4.60454234241985
10013 5772 100
13830 7262 100
14574 7695 100
14574 7695 100
16798 6785 77 -253 222 4|13805 6736 507 218 52 3|12826 6973 366 238 25 3|14441 7659 540 119 13 4|
9693 sims, score: 0.25 because 4.92134631704666 vs 4.66856912968322
10298 5828 100
14137 7679 19
14574 7695 100
10538 5038 100
16784 6491 -11 -250 204 4|14319 6972 436 200 70 3|13284 7249 389 234 22 3|15081 7769 543 93 355 4|
9943 sims, score: 0.99 because 5.68765944442095 vs 4.69801611203308
15803 6299 59
14372 7971 0
14574 7695 100
10538 5038 100
16715 6230 -58 -222 191 4|14755 7172 370 170 87 4|13768 7516 410 226 19 3|15716 7823 539 45 337 4|
9528 sims, score: 0.28 because 5.71785021939881 vs 5.43911352117165
15727 6077 100
14464 8129 28
14574 7695 100
10538 5038 100
16558 5993 -133 -201 189 4|15118 7369 308 167 105 4|14276 7764 431 210 13 4|16330 7802 522 -17 319 4|
6955 sims, score: 0.28 because 5.74885764365193 vs 5.46596883225281
15566 5864 100
14481 8140 23
10538 5038 100
10538 5038 100
16326 5779 -197 -181 187 4|15480 7516 410 64 123 4|14740 8004 291 263 355 4|16903 7699 487 -87 301 4|
9907 sims, score: 0.27 because 5.78193749816667 vs 5.51536604290982
15331 5677 100
9099 4813 100
10538 5038 100
10538 5038 100
16030 5588 -252 -162 186 4|15812 7643 282 107 141 4|15123 8227 325 189 337 4|17412 7515 432 -156 283 4|
7130 sims, score: 0.25 because 5.81608016229182 vs 5.56658730107258
15033 5514 100
9967 4821 100
10538 5038 100
10538 5038 100
15678 5419 -298 -143 184 4|16055 7730 279 0 159 4|15468 8405 220 226 319 4|17835 7259 359 -217 265 4|
10108 sims, score: 0.23 because 5.85264344544782 vs 5.61994775620773
14679 5370 100
9428 5038 100
10538 5038 100
10538 5038 100
15280 5271 -338 -125 183 4|16234 7735 152 4 177 4|15739 8545 230 118 301 4|18155 6950 271 -262 247 4|
10112 sims, score: 0.22 because 5.89013745446442 vs 5.6742795171715
14280 5246 100
10180 5029 100
10538 5038 100
10538 5038 100
14842 5144 -372 -108 181 4|16289 7713 47 -18 195 4|15991 8565 213 17 283 4|18360 6613 174 -286 229 4|
9590 sims, score: 0.18 because 5.91313005134397 vs 5.73015189175551
13842 5148 100
10439 5076 100
10538 5038 100
10538 5038 100
14370 5036 -401 -91 180 4|16245 7654 -37 -50 204 4|16194 8482 172 -70 265 4|18448 6276 74 -286 211 4|
7271 sims, score: 0.13 because 5.92218335418549 vs 5.78797517843446
13371 5068 100
10665 5210 100
10538 5038 100
10538 5038 100
13869 4948 -425 -74 178 4|16110 7480 -118 -200 204 4|16332 8405 121 -13 247 4|18425 5968 -19 -262 193 4|
10024 sims, score: 0.11 because 5.92831418376163 vs 5.82265532344612
12871 5006 100
10798 5478 100
10538 5038 100
10538 5038 100
13344 4880 -446 -57 177 4|15898 7245 -179 -199 201 4|16387 8317 46 -74 229 4|18307 5694 -100 -232 187 4|
10150 sims, score: 0.08 because 5.93731038555991 vs 5.85851569563533
12348 4974 100
14954 6914 100
10538 5038 100
10538 5038 100
12798 4832 -463 -40 175 4|15625 7013 -232 -197 199 4|16347 8192 -34 -106 211 4|18107 5454 -169 -204 185 4|
10164 sims, score: 0.08 because 5.94752693644785 vs 5.86555965919557
11807 4965 70
11033 5458 100
10538 5038 100
10538 5038 100
12266 4801 -452 -26 172 4|15298 6784 -277 -194 199 4|16225 8038 -103 -130 208 4|17838 5245 -228 -178 183 4|
10134 sims, score: 0.08 because 5.95760650724603 vs 5.87361558181428
11286 4999 96
11112 5440 100
10538 5038 100
10538 5038 100
11720 4794 -464 -5 169 4|14926 6559 -316 -190 198 4|16034 7861 -162 -150 208 4|17510 5064 -278 -153 182 4|
9814 sims, score: 0.08 because 5.96335416385495 vs 5.88052199216394
10779 5133 19
11231 5455 100
10538 5038 100
10538 5038 100
11238 4795 -409 1 160 4|14514 6340 -350 -185 197 4|15783 7665 -213 -166 207 4|17132 4911 -321 -130 180 4|
9608 sims, score: 0.81 because 6.70457406787684 vs 5.89015329952708
10238 4798 8
11289 5435 100
10538 5038 100
10538 5038 100
10821 4796 -354 1 178 5|14068 6128 -379 -180 196 4|15481 7454 -257 -179 207 4|16711 4783 -357 -108 179 4|
8747 sims, score: 0.83 because 6.73178279868006 vs 5.89882513870051
9887 4438 0
11332 5415 100
10538 5038 100
10538 5038 100
10467 4797 -300 0 196 5|13592 5923 -404 -174 195 4|15134 7231 -294 -189 206 4|16254 4679 -388 -88 178 4|
9869 sims, score: 0.85 because 6.76409795209119 vs 5.90997567767992
9683 4177 0
12626 5664 100
10538 5038 100
10538 5038 100
10167 4797 -255 0 214 5|13091 5723 -425 -169 195 4|14750 6999 -326 -197 206 4|15766 4597 -414 -69 176 4|
9696 sims, score: 0.87 because 6.79168182371956 vs 5.9174991983844
13800 2317 100
12122 5477 100
10538 5038 100
10538 5038 100
9851 4718 -268 -67 232 5|12569 5529 -443 -164 194 4|14333 6760 -354 -203 205 4|15252 4536 -436 -51 175 4|
9639 sims, score: 0.89 because 6.82050406111938 vs 5.92733568572973
14031 2554 100
11591 5319 100
10538 5038 100
10538 5038 100
9549 4557 -256 -136 250 5|12028 5344 -459 -157 192 4|13888 6516 -378 -207 204 4|14717 4496 -455 -34 174 4|
9823 sims, score: 0.91 because 6.84896194889366 vs 5.93491910140417
13638 2611 100
11038 5201 60
10538 5038 100
10538 5038 100
9290 4321 -220 -200 268 5|11510 5178 -440 -140 188 4|13419 6269 -399 -210 204 4|14163 4475 -471 -17 173 4|
9851 sims, score: 1.73 because 7.6670740007406 vs 5.93786069649677
13758 2929 100
10617 4729 0
10538 5038 100
10538 5038 100
9098 4025 -163 -251 286 5|11070 5038 -374 -119 206 5|12928 6020 -417 -211 203 4|13593 4473 -484 -1 171 4|
9731 sims, score: 1.78 because 7.71050134020376 vs 5.93113760296538
13625 3148 100
10415 4282 0
10538 5038 100
10538 5038 100
8991 3691 -90 -283 304 5|10696 4919 -317 -101 224 5|12419 5771 -433 -211 202 4|13011 4490 -494 14 170 4|
9553 sims, score: 1.82 because 7.75730217051174 vs 5.93348597768374
13306 3013 100
10260 4019 0
10538 5038 100
10538 5038 100
8980 3347 -9 -292 322 5|10379 4818 -269 -85 242 5|11893 5524 -447 -210 201 4|12419 4526 -502 30 168 4|
9793 sims, score: 1.86 because 7.8071982764998 vs 5.9491209529395
13113 3218 100
10259 3825 0
10538 5038 100
10538 5038 100
9065 3021 72 -277 340 5|10110 4733 -228 -72 260 5|11352 5280 -459 -207 200 4|11821 4582 -508 47 165 4|
6954 sims, score: 1.11 because 7.85177024881567 vs 6.73719782053503
10059 2915 100
13691 2508 100
10538 5038 100
10538 5038 100
9236 2733 145 -244 354 5|9896 4562 -181 -145 278 5|10656 5244 -611 -2 197 5|11360 4463 -371 -129 160 4|
9589 sims, score: 1.14 because 7.87990011108187 vs 6.74006979594486
10235 2690 100
13554 2693 100
13085 2317 100
10538 5038 100
9481 2485 208 -211 358 5|9759 4327 -116 -199 296 5|9963 5185 -589 -49 215 5|10907 4391 -385 -60 145 4|
9735 sims, score: 1.19 because 7.90974872527605 vs 6.71700180371505
10481 2500 100
13542 3102 100
13085 2317 100
10538 5038 100
9789 2275 261 -178 1 5|9713 4056 -39 -230 314 5|9313 5057 -552 -109 233 5|10462 4411 -378 16 127 4|
7271 sims, score: 0.41 because 7.93462149308131 vs 7.52176435887376
10786 2347 94
13180 2880 100
13085 2317 100
10538 5038 100
10144 2104 301 -145 4 5|9596 3682 -119 -329 332 5|8728 4854 -497 -172 251 5|10217 4619 -187 188 109 5|
10108 sims, score: 0.38 because 7.95121751342175 vs 7.56684882115359
11134 2243 100
10557 3405 100
13085 2317 100
13085 2317 100
10544 1973 340 -111 8 5|9573 3325 -19 -303 344 5|8228 4582 -424 -231 269 5|10028 4907 -160 244 91 5|
9932 sims, score: 0.34 because 7.95656247233235 vs 7.61244015735652
11524 2172 66
10555 3136 99
13085 2317 100
13085 2317 100
10949 1875 343 -83 11 5|9651 3003 66 -273 349 5|7832 4255 -336 -277 287 5|9897 5247 -111 288 73 5|
9584 sims, score: 0.30 because 7.95998615530067 vs 7.65904901090335
11914 2139 25
10643 2876 53
13085 2317 100
13085 2317 100
11316 1799 312 -64 15 5|9770 2723 100 -237 353 5|7553 3896 -237 -305 305 5|9843 5617 -45 314 55 5|
9755 sims, score: 0.26 because 7.96264367190375 vs 7.70716300136436
12236 2191 100
10767 2640 56
13085 2317 100
13085 2317 100
11720 1774 343 -21 23 5|9926 2481 132 -205 355 5|7395 3530 -133 -310 323 5|9878 5991 29 318 37 5|
9435 sims, score: 0.22 because 7.97310197274382 vs 7.75712888879581
12592 2263 96
10926 2492 46
13085 2317 100
13085 2317 100
12147 1800 362 22 29 5|10104 2277 151 -173 1 5|7356 3187 -32 -291 341 5|10002 6342 105 298 19 5|
9527 sims, score: 0.18 because 7.97487509963605 vs 7.79256719166058
12914 2442 100
11102 2337 51
13085 2317 100
13085 2317 100
12586 1886 372 73 40 5|10306 2107 171 -144 3 5|7423 2881 56 -260 351 5|10207 6642 174 254 1 5|
8198 sims, score: 0.87 because 8.6865968305416 vs 7.81377698007069
11689 2043 100
11296 2250 100
13085 2317 100
13085 2317 100
13011 2044 361 134 58 0|10576 1977 229 -110 8 5|7579 2611 132 -229 354 5|10477 6867 229 191 343 5|
10024 sims, score: 0.87 because 8.71509109909817 vs 7.84316308417741
3537 1801 100
11556 2174 64
13085 2317 100
13085 2317 100
13396 2275 327 196 76 0|10868 1880 247 -82 11 5|7811 2377 197 -199 357 5|10788 7001 264 113 325 5|
10165 sims, score: 0.87 because 8.74401092688556 vs 7.87415572039367
3771 1707 100
11834 2139 100
13085 2317 100
13085 2317 100
13716 2571 272 251 94 0|11212 1824 292 -47 15 5|8108 2177 252 -170 359 5|11112 7034 275 28 307 5|
9902 sims, score: 0.87 because 8.77393554134509 vs 7.9036010844137
3803 1482 100
12157 2151 100
13085 2317 100
13085 2317 100
13951 2915 199 292 112 0|11599 1810 328 -12 19 5|8460 2010 299 -142 2 5|11426 6970 266 -54 293 5|
9871 sims, score: 0.91 because 8.80461778720558 vs 7.89589105763768
3940 1269 100
12509 2225 100
13085 2317 100
13085 2317 100
14086 3284 114 313 130 0|12018 1839 356 25 25 5|8859 1875 338 -115 4 5|11726 6822 254 -125 290 5|
10239 sims, score: 0.93 because 8.8327451335874 vs 7.90125169106065
4318 1513 100
12847 2398 87
13085 2317 100
13085 2317 100
14115 3650 24 311 148 0|12446 1913 363 62 34 5|9296 1770 371 -88 6 5|12009 6601 240 -187 287 5|
9999 sims, score: 1.66 because 9.56390499517349 vs 7.90728460909935
4489 1254 100
13032 2723 3
13085 2317 100
13085 2317 100
14042 3985 -62 285 166 0|12811 1977 310 54 52 0|9766 1696 399 -62 8 5|12273 6317 224 -241 284 5|
9887 sims, score: 1.71 because 9.62030215040928 vs 7.9090621161689
4759 1273 100
3917 2069 100
13085 2317 100
13085 2317 100
13880 4263 -137 236 184 0|13155 2125 292 125 70 0|10263 1652 422 -37 11 5|12517 5978 207 -288 281 5|
9866 sims, score: 1.75 because 9.66313163791396 vs 7.91606668324123
12908 4027 100
3866 1883 100
13085 2317 100
13085 2317 100
13646 4475 -199 180 194 0|13451 2350 251 191 88 0|10782 1638 441 -11 13 5|12739 5591 188 -328 279 5|
7068 sims, score: 1.77 because 9.68960221582132 vs 7.92070064579452
12678 4225 100
4022 1771 100
13085 2317 100
13085 2317 100
13428 4531 149 -378 194 0|13674 2637 189 244 106 0|11319 1655 456 14 16 5|12860 5262 -231 147 276 5|
9711 sims, score: 1.78 because 9.71849740029346 vs 7.93846093827988
12452 4315 100
4126 1620 100
13085 2317 100
13085 2317 100
13479 4131 43 -339 192 0|13807 2964 113 277 124 0|11869 1704 467 41 21 5|12637 5309 -189 40 274 5|
7069 sims, score: 1.79 because 9.74926794793232 vs 7.95571601298891
12500 3927 100
4288 1511 100
13085 2317 100
13085 2317 100
13333 3936 -280 116 192 0|13932 3138 262 -134 142 0|12425 1790 472 73 27 5|12463 5250 -148 -50 279 5|
9654 sims, score: 1.14 because 9.78527555470923 vs 8.6445853110343
12356 3723 58
3625 2660 100
13085 2317 100
13085 2317 100
12996 4040 -286 88 192 0|14100 3038 142 -84 160 0|12975 1925 467 115 39 0|12336 5102 -108 -125 282 5|
9478 sims, score: 1.16 because 9.82116071476931 vs 8.65995345351616
12021 3820 91
4076 2468 100
4561 2181 100
13085 2317 100
12621 4108 -318 57 193 0|14142 2958 35 -68 178 0|13497 2123 443 168 57 0|12254 4880 -69 -188 285 5|
5696 sims, score: 1.14 because 9.82782159457248 vs 8.68499278764224
11647 3883 100
4491 2317 100
4561 2181 100
13085 2317 100
12361 3787 -202 -315 193 0|14240 3156 191 348 184 0|13803 2115 152 -187 75 0|12060 4952 -183 103 288 5|
9766 sims, score: 1.11 because 9.83299424323131 vs 8.72418371240826
11373 3632 100
4178 1484 100
4561 2181 100
13085 2317 100
12060 3457 -255 -280 189 0|14332 3488 78 281 189 0|13950 2028 125 -74 93 0|11913 4962 -124 8 291 5|
9989 sims, score: 1.08 because 9.83888473921028 vs 8.75728210999059
11069 3320 76
4389 1563 100
4561 2181 100
13085 2317 100
11730 3167 -280 -246 188 0|14312 3750 -17 222 191 0|14040 2048 76 16 111 0|11830 4879 -70 -70 294 5|
10419 sims, score: 1.06 because 9.84516191366443 vs 8.78958487576122
10736 3055 85
4595 1737 100
4561 2181 100
13085 2317 100
11366 2911 -309 -217 186 0|14197 3952 -97 171 192 0|14054 2142 11 80 129 0|11804 4719 -22 -135 296 5|
10496 sims, score: 1.03 because 9.8515104847093 vs 8.82394242562614
10368 2841 100
4785 1787 100
4561 2181 100
13085 2317 100
10957 2687 -347 -190 184 0|14003 4101 -165 126 193 0|13982 2277 -61 114 147 0|11829 4496 21 -189 298 5|
10365 sims, score: 1.00 because 9.85964203582158 vs 8.85604190082387
9958 2641 95
4964 1873 100
4561 2181 100
13085 2317 100
10515 2493 -375 -165 183 0|13741 4203 -222 86 194 0|13825 2418 -133 119 165 0|11900 4220 60 -234 300 5|
10390 sims, score: 0.98 because 9.86852855294219 vs 8.88545543508538
9516 2458 100
5069 1984 100
4561 2181 100
13085 2317 100
10040 2324 -403 -143 182 0|13422 4264 -271 52 194 0|13592 2534 -198 98 181 0|12013 3901 95 -271 302 5|
10387 sims, score: 0.99 because 9.87852126421851 vs 8.88581989700267
9040 2323 76
5150 2068 100
4561 2181 100
13085 2317 100
9561 2181 -407 -121 180 0|13054 4290 -312 22 195 0|13294 2628 -253 79 182 0|12164 3547 128 -300 304 5|
7375 sims, score: 1.00 because 9.88833499442565 vs 8.88550759810622
8561 2208 100
5247 2133 100
4561 2181 100
13085 2317 100
9054 2063 -430 -100 178 0|12646 4285 -347 -3 195 0|12980 2671 170 -309 183 0|12313 3198 -310 49 307 5|
10204 sims, score: 1.01 because 9.89826069912509 vs 8.88914946306687
8055 2116 100
5419 2188 100
4561 2181 100
13085 2317 100
8524 1968 -450 -80 177 0|12203 4254 -376 -26 196 0|13050 2356 59 -267 183 0|12069 3172 -207 -22 311 5|
10402 sims, score: 1.01 because 9.90856300299522 vs 8.89724559358927
7527 2049 100
5575 2251 100
4561 2181 100
13085 2317 100
7974 1896 -467 -61 175 0|11731 4199 -400 -46 197 0|13009 2087 -34 -228 181 0|11939 3086 -110 -73 320 5|
10424 sims, score: 1.03 because 9.91889846958612 vs 8.89360694506349
6983 2028 100
5405 2278 100
4561 2181 100
13085 2317 100
7408 1848 -481 -40 172 0|11235 4124 -421 -63 197 0|12875 1860 -113 -192 179 0|11912 2957 -22 -109 326 5|
9997 sims, score: 1.03 because 9.93120310104205 vs 8.89775585468484
6421 2007 99
5518 2324 100
4561 2181 100
13085 2317 100
6829 1824 -491 -20 171 0|10719 4031 -438 -79 197 0|12662 1672 -180 -159 178 0|11978 2800 55 -133 331 5|
10326 sims, score: 1.04 because 9.94088526930396 vs 8.90440449825926
5849 2023 63
5785 2402 100
4561 2181 100
13085 2317 100
6276 1817 -469 -6 169 0|10186 3921 -453 -93 198 0|12382 1519 -237 -129 176 0|12125 2627 124 -147 336 5|
9863 sims, score: 1.04 because 9.95283803158756 vs 8.91602159144545
5320 2109 100
5592 2393 100
4561 2181 100
13085 2317 100
5711 1840 -479 19 163 0|9638 3796 -465 -105 198 0|12045 1398 -286 -102 175 0|12344 2449 186 -151 342 5|
9952 sims, score: 0.42 because 9.9604882991753 vs 9.54034220415902
4813 2279 100
5564 2408 100
4561 2181 100
13085 2317 100
5142 1903 -483 53 154 0|9078 3659 -475 -116 199 0|11660 1306 -327 -77 174 0|12628 2280 241 -143 350 0|
9839 sims, score: 1.19 because 10.776116847989 vs 9.58731983076182
4540 2701 0
5724 2465 100
4561 2181 100
4561 2181 100
4659 1956 -410 45 136 1|8509 3509 -483 -127 200 0|11234 1241 -362 -55 173 0|12957 2090 279 -161 332 0|
9925 sims, score: 1.19 because 10.8037673428436 vs 9.61737269810459
4287 2884 2
5546 2440 100
4561 2181 100
4561 2181 100
4248 2003 -349 39 118 1|7932 3348 -490 -136 200 0|10773 1200 -391 -34 172 0|13305 1857 296 -198 314 0|
9755 sims, score: 1.19 because 10.8325843502909 vs 9.64653428301047
4108 2993 0
5650 2483 100
4561 2181 100
4561 2181 100
3899 2042 -296 33 100 1|7348 3177 -495 -145 201 0|10283 1182 -416 -15 171 0|13645 1569 288 -244 296 0|
9860 sims, score: 1.19 because 10.864195196713 vs 9.6765124297878
7990 4849 100
6407 2840 100
4561 2181 100
4561 2181 100
3617 2174 -239 112 82 1|6759 2998 -500 -151 200 0|9768 1184 -437 1 170 0|13947 1226 256 -291 278 0|
9777 sims, score: 1.19 because 10.8973395726224 vs 9.70674567865207
8272 4485 100
5828 2632 100
4561 2181 100
4561 2181 100
3422 2376 -165 171 64 1|6166 2810 -504 -159 201 0|9233 1204 -454 16 169 0|14185 837 202 -331 260 0|
9576 sims, score: 1.19 because 10.9305692236603 vs 9.73650032571302
7942 4297 100
5245 2419 97
4561 2181 100
4561 2181 100
3327 2619 -81 206 46 1|5573 2613 -504 -167 203 0|8681 1240 -469 30 168 0|14340 418 131 -356 242 0|
9742 sims, score: 1.92 because 11.6869395231271 vs 9.76678894602765
7649 4133 100
4574 2579 15
4561 2181 100
4561 2181 100
3334 2872 6 214 28 1|5054 2445 -441 -143 185 1|8115 1292 -481 44 167 0|14399 -7 50 -361 224 0|
9851 sims, score: 1.91 because 11.7089682119463 vs 9.79651487342964
4240 3296 100
8520 5305 100
4561 2181 100
4561 2181 100
3431 3128 82 217 25 1|4516 2324 -457 -102 167 1|7537 1360 -491 58 166 0|14359 -412 -33 -343 206 0|
9711 sims, score: 1.91 because 11.7316101687567 vs 9.82284388811129
4357 3505 88
9142 5324 100
4561 2181 100
4561 2181 100
3595 3378 138 212 22 1|3973 2273 -461 -42 149 1|6950 1445 -499 71 165 0|14227 -769 -112 -303 188 0|
9625 sims, score: 1.90 because 11.7557670898825 vs 9.85659392778685
4533 3724 100
8695 5045 100
4561 2181 100
4561 2181 100
3827 3625 197 209 20 1|3446 2306 -447 28 131 1|6355 1545 -505 85 163 0|14017 -1054 -178 -242 170 0|
9604 sims, score: 1.91 because 11.7807107940078 vs 9.87467745346822
4778 3936 100
8397 4856 100
4561 2181 100
4561 2181 100
4119 3865 248 204 18 1|2960 2426 -413 102 113 1|5756 1663 -509 100 160 0|13744 -1264 -231 -178 161 0|
9617 sims, score: 1.92 because 11.8066997721988 vs 9.88948495675685
5081 4137 98
8194 4711 100
4561 2181 100
4561 2181 100
4461 4096 290 196 16 1|2538 2628 -358 171 95 1|5155 1803 -510 118 157 0|13419 -1407 -275 -121 159 0|
9713 sims, score: 1.13 because 11.8343150942845 vs 10.7087464151936
5432 4337 100
8335 4446 100
4561 2181 100
4561 2181 100
4848 4316 328 187 14 1|2202 2896 -285 228 77 1|4561 1975 -505 145 148 1|13051 -1490 -312 -70 158 0|
9726 sims, score: 1.15 because 11.8635382024653 vs 10.7130900171241
5830 4502 100
8183 4247 100
7339 4922 100
4561 2181 100
5274 4522 362 174 11 1|1968 3210 -198 266 59 1|3992 2197 -483 188 130 1|12647 -1520 -343 -25 157 0|
9785 sims, score: 1.16 because 11.8941053353271 vs 10.735150975723
6266 4651 87
8100 3899 100
7339 4922 100
4561 2181 100
5722 4707 381 157 7 1|1845 3542 -104 281 41 1|3472 2478 -441 238 112 1|12213 -1503 -368 14 155 0|
9857 sims, score: 1.17 because 11.9265418186017 vs 10.7581906454949
6721 4753 100
7710 3920 100
7339 4922 100
4561 2181 100
6203 4869 408 137 3 1|1833 3862 -10 272 23 1|3025 2816 -380 287 94 1|11755 -1446 -389 48 154 0|
9825 sims, score: 1.16 because 11.9449883942661 vs 10.7835545851581
7196 4747 100
7376 3920 100
7339 4922 100
4561 2181 100
6710 4994 431 106 353 1|1923 4143 76 238 5 1|2670 3200 -301 326 76 1|11277 -1353 -406 79 153 0|
9721 sims, score: 1.85 because 12.6649259096596 vs 10.8106965246865
7671 5271 0
2915 4269 37
7339 4922 100
4561 2181 100
7141 5100 366 90 11 2|2036 4386 95 206 7 1|2423 3610 -210 348 58 1|10783 -1227 -420 106 152 0|
6509 sims, score: 1.85 because 12.6908481278698 vs 10.8450584090912
8004 5605 0
7119 4445 100
7339 4922 100
4561 2181 100
7507 5190 311 76 29 2|2130 4825 57 424 1 1|2391 3790 -5 101 40 1|10275 -1073 -431 130 151 0|
9208 sims, score: 1.83 because 12.7154805435013 vs 10.8812286356797
2557 7018 100
3128 4760 78
7339 4922 100
4561 2181 100
7886 5339 322 126 47 2|2265 5244 114 356 356 1|2479 3928 74 117 22 1|9757 -894 -440 152 150 0|
9576 sims, score: 1.84 because 12.7403860430403 vs 10.9015964189964
8291 6254 0
3257 5120 46
7339 4922 100
4561 2181 100
8208 5465 273 107 65 2|2425 5594 135 297 353 1|2651 4065 146 116 12 1|9231 -691 -447 172 149 0|
9826 sims, score: 1.86 because 12.7677323160728 vs 10.9100944644097
2435 6857 100
3406 5401 100
7339 4922 100
4561 2181 100
8493 5671 242 175 83 2|2658 5872 198 236 349 1|2895 4199 207 113 10 1|8699 -467 -452 190 148 0|
9699 sims, score: 1.88 because 12.7952606219534 vs 10.917048461251
2729 6774 100
3623 5611 100
7339 4922 100
4561 2181 100
8716 5944 189 232 101 2|2953 6082 250 178 345 1|3201 4328 259 109 9 1|8163 -223 -455 207 147 0|
9820 sims, score: 1.90 because 12.8233229170804 vs 10.9268441073214
2879 6657 100
3907 5783 100
7339 4922 100
4561 2181 100
8857 6263 119 271 119 2|3298 6230 293 125 343 1|3559 4451 304 104 8 1|7625 40 -457 223 146 0|
9731 sims, score: 1.92 because 12.8521549181211 vs 10.930306517609
2978 6415 100
4238 5889 100
7339 4922 100
4561 2181 100
8903 6602 38 288 137 2|3685 6321 328 77 340 1|3962 4567 342 98 7 1|7086 320 -458 238 145 0|
9653 sims, score: 1.95 because 12.8840134333738 vs 10.9310335410101
3193 6196 100
4598 5912 67
7339 4922 100
4561 2181 100
8850 6932 -44 280 155 2|4074 6371 330 42 336 1|4403 4675 375 92 6 1|6548 617 -457 252 144 0|
9809 sims, score: 1.98 because 12.9160769988274 vs 10.9378579638036
3434 6519 100
4963 5913 100
7339 4922 100
4561 2181 100
8707 7224 -121 248 173 2|4493 6367 356 -3 333 1|4878 4775 403 85 5 1|6012 931 -455 266 142 0|
10544 sims, score: 1.99 because 12.9304630900068 vs 10.942876718469
3584 6677 100
5358 5865 100
7339 4922 100
4561 2181 100
8487 7461 -187 201 186 2|4935 6314 376 -45 330 1|5381 4866 427 77 3 1|5481 1262 -451 281 139 0|
10419 sims, score: 1.98 because 12.9378746146229 vs 10.9579151527543
3706 6797 100
5770 5764 41
7339 4922 100
4561 2181 100
8201 7648 -243 159 188 2|5345 6246 348 -57 327 1|5908 4946 447 67 2 1|4959 1614 -443 298 135 0|
9664 sims, score: 1.13 because 12.9480663081208 vs 11.817473939426
7212 7500 100
6143 5643 100
7339 4922 100
4561 2181 100
7859 7792 -290 122 189 2|5773 6129 363 -99 323 1|6455 5011 464 55 359 1|4459 1994 -425 322 125 1|
9784 sims, score: 0.45 because 12.9547513620224 vs 12.5043139927468
3917 6958 100
6511 5454 100
7339 4922 100
7339 4922 100
7471 7893 -329 86 192 2|6210 5963 371 -141 318 1|7018 5056 478 38 354 2|4005 2412 -386 354 107 1|
9883 sims, score: 0.40 because 12.9637411751653 vs 12.5625801498036
4005 7029 100
6855 5199 100
3326 7206 100
7339 4922 100
7045 7955 -362 52 194 2|6646 5746 370 -184 310 1|7594 5115 489 50 12 2|3621 2866 -326 385 89 1|
9932 sims, score: 0.37 because 12.9714551374889 vs 12.6006018967468
6074 7717 100
7117 4864 33
3326 7206 100
7339 4922 100
6586 7983 -390 23 194 2|7032 5533 327 -181 298 1|8169 5215 489 85 30 2|3327 3346 -249 407 71 1|
9849 sims, score: 1.08 because 13.7185541481262 vs 12.6407370310824
5621 7722 72
7195 4546 0
3326 7206 100
7339 4922 100
6126 7987 -390 3 195 2|7359 5352 277 -153 280 2|8725 5375 472 135 48 2|3138 3833 -160 413 53 1|
9876 sims, score: 1.07 because 13.7513262140809 vs 12.6831898117606
5176 7676 100
7106 4385 38
3326 7206 100
7339 4922 100
5641 7959 -412 -23 198 2|7631 5161 231 -162 262 2|9237 5602 435 192 66 2|3060 4303 -66 399 35 1|
9989 sims, score: 1.05 because 13.782580261453 vs 12.7281814114121
4707 7603 100
7134 4293 95
3326 7206 100
7339 4922 100
5136 7900 -429 -49 201 2|7821 4914 161 -210 244 2|9682 5893 378 247 84 2|3090 4731 25 364 17 1|
9913 sims, score: 1.04 because 13.8137141495757 vs 12.775864297545
4230 7476 100
2855 7821 100
3326 7206 100
7339 4922 100
4616 7809 -441 -77 205 2|7913 4632 77 -239 226 2|10039 6238 303 293 102 2|3215 5099 106 313 3 1|
9825 sims, score: 1.05 because 13.843853638316 vs 12.7903239101081
3766 7282 51
3032 8118 100
3326 7206 100
7339 4922 100
4132 7705 -411 -88 212 2|7902 4346 -9 -243 208 2|10292 6617 214 322 120 2|3421 5408 175 262 358 1|
9847 sims, score: 1.72 because 14.5367751913185 vs 12.8172695614508
3580 6871 0
6911 4214 52
3326 7206 100
7339 4922 100
3721 7617 -349 -74 230 3|7842 4094 -51 -214 190 2|10431 7006 118 330 138 2|3695 5658 233 212 353 1|
9524 sims, score: 1.75 because 14.5922023362019 vs 12.8457234091731
3362 6684 0
3457 7756 100
3326 7206 100
7339 4922 100
3372 7543 -296 -62 248 3|7692 3894 -127 -170 172 2|10457 7376 22 314 156 2|4026 5850 281 163 349 1|
10080 sims, score: 1.77 because 14.6493297204816 vs 12.8778061804317
3346 6543 0
3698 7703 100
3326 7206 100
7339 4922 100
3076 7481 -251 -52 266 3|7475 3768 -184 -107 154 2|10380 7700 -65 275 174 2|4403 5986 320 115 344 1|
9781 sims, score: 1.81 because 14.7038813906562 vs 12.8899673768894
15511 7889 100
6730 4435 100
3326 7206 100
7339 4922 100
2849 7332 -193 -126 284 3|7216 3728 -219 -34 138 2|10215 7968 -140 227 184 2|4817 6067 351 68 340 1|
9677 sims, score: 1.84 because 14.7352631601199 vs 12.8972834511933
14961 7948 100
6497 4423 100
3326 7206 100
7339 4922 100
2709 7121 -119 -179 302 3|6925 3764 -247 30 136 2|9976 8184 -203 183 186 2|5259 6094 375 22 336 1|
9788 sims, score: 1.86 because 14.7685735466112 vs 12.9085227883765
14924 8222 100
6224 4477 85
3326 7206 100
7339 4922 100
2666 6877 -36 -207 320 3|6618 3855 -260 77 135 2|9674 8352 -256 143 188 2|5721 6067 392 -23 331 1|
9671 sims, score: 1.88 because 14.8015226859336 vs 12.9206609749527
14660 8187 100
5931 4582 80
3326 7206 100
7339 4922 100
2723 6632 48 -208 338 3|6303 3990 -267 114 133 2|9320 8477 -301 106 190 2|6195 5986 402 -68 325 1|
9687 sims, score: 1.90 because 14.8371146913627 vs 12.9368888250919
14432 8308 100
5652 4749 97
3326 7206 100
7339 4922 100
2871 6417 125 -183 356 3|5973 4178 -280 159 131 2|8921 8562 -339 72 192 2|6670 5850 403 -115 317 1|
9643 sims, score: 1.94 because 14.8600681348313 vs 12.9227871028847
14299 8098 100
5339 4951 69
3326 7206 100
7339 4922 100
3095 6249 190 -143 8 3|5649 4390 -275 180 129 2|8485 8610 -370 41 194 2|7131 5654 392 -166 306 1|
9633 sims, score: 1.19 because 14.8665644817739 vs 13.6744988805441
14079 8067 100
5027 5173 94
3326 7206 100
7339 4922 100
3384 6122 245 -107 9 3|5316 4644 -283 215 128 2|8019 8625 -396 12 195 2|7554 5393 359 -222 288 2|
9618 sims, score: 1.17 because 14.875428498419 vs 13.7027853885682
13885 7996 100
4733 5457 100
3326 7206 100
3326 7206 100
3727 6033 291 -76 10 3|4975 4940 -290 251 126 2|7527 8608 -417 -14 197 2|7913 5071 304 -273 270 2|
9771 sims, score: 1.15 because 14.8846232552303 vs 13.7298639457159
13751 7910 100
4420 5772 79
3326 7206 100
3326 7206 100
4116 5975 330 -48 11 3|4641 5257 -283 269 124 2|7015 8562 -435 -38 198 2|8186 4703 231 -312 252 2|
7068 sims, score: 1.12 because 14.8724095536512 vs 13.7556688654739
13906 7792 100
4105 6101 6
3326 7206 100
3326 7206 100
4250 6411 74 433 11 3|4649 5065 46 -225 122 2|6486 8489 -449 -61 200 2|8358 4310 146 -333 234 2|
10233 sims, score: 1.10 because 14.8776499987816 vs 13.7791037252285
5248 6476 84
3233 7661 100
3326 7206 100
3326 7206 100
4408 6849 134 372 4 3|4647 4928 -1 -116 119 2|5944 8390 -460 -83 202 2|8423 3919 55 -332 216 2|
9911 sims, score: 1.07 because 14.8832449924019 vs 13.8095439171601
5407 6900 100
3328 7464 100
3326 7206 100
3326 7206 100
4642 7226 198 320 3 3|4600 4901 -40 -23 117 2|5393 8266 -468 -105 204 2|8383 3556 -34 -308 198 2|
7074 sims, score: 1.04 because 14.8848392821665 vs 13.8457357917547
5641 7274 71
3416 7258 100
3326 7206 100
3326 7206 100
4818 7276 32 -300 3 3|4515 4967 -72 56 117 2|4929 8388 -277 447 207 2|8249 3248 -113 -261 180 2|
9574 sims, score: 1.02 because 14.8905131278213 vs 13.8734002920708
5815 7349 100
3472 7092 100
3326 7206 100
3326 7206 100
4950 6983 111 -248 4 3|4399 5113 -98 123 116 2|4572 8776 -303 329 216 2|8041 3018 -176 -195 162 2|
10007 sims, score: 1.00 because 14.8953909782159 vs 13.8952220873365
5946 7070 100
3944 6004 100
3326 7206 100
3326 7206 100
5161 6744 179 -203 5 3|4256 5325 -121 180 117 2|4207 9027 -310 213 232 2|7784 2882 -218 -115 144 2|
9569 sims, score: 0.99 because 14.9012915751435 vs 13.9103592322717
6153 6867 53
3598 6802 100
3326 7206 100
3326 7206 100
5393 6548 196 -167 7 3|4094 5596 -137 230 114 2|3853 9150 -300 104 244 2|7494 2837 -246 -38 136 2|
9909 sims, score: 0.99 because 14.907826130377 vs 13.9205483549059
6383 6690 98
3634 6689 100
3326 7206 100
3326 7206 100
5686 6395 249 -130 8 3|3918 5918 -149 273 113 2|3527 9157 -277 6 255 2|7179 2871 -267 29 134 2|
10088 sims, score: 0.99 because 14.9162509178361 vs 13.9271479196647
14034 7977 100
3526 6838 100
3326 7206 100
3326 7206 100
6033 6284 295 -94 11 3|3730 6283 -159 310 113 2|3240 9064 -244 -79 264 2|6846 2975 -283 88 132 2|
9908 sims, score: 1.73 because 15.6620036857202 vs 13.9306666623124
7016 6466 100
3837 6211 100
3326 7206 100
3326 7206 100
6426 6208 334 -64 10 3|3562 6693 -142 348 95 3|3001 8885 -203 -152 273 2|6499 3140 -294 140 130 2|
9832 sims, score: 1.76 because 15.693361479509 vs 13.9365333840785
7407 6401 100
15095 6419 100
3326 7206 100
3326 7206 100
6858 6163 367 -37 11 3|3442 7138 -101 378 77 3|2817 8635 -156 -212 281 2|6143 3359 -302 186 128 2|
9811 sims, score: 1.78 because 15.7249381079677 vs 13.9457596999792
7836 6373 63
14951 6285 100
3326 7206 100
3326 7206 100
7287 6139 364 -20 12 3|3392 7602 -42 394 59 3|2695 8329 -104 -260 290 2|5782 3626 -306 226 126 2|
7109 sims, score: 1.82 because 15.7611472250317 vs 13.9370634846342
13838 7735 100
4151 8253 0
3326 7206 100
3326 7206 100
7748 6143 391 3 14 3|3511 7909 219 196 41 3|2479 8069 -302 -156 299 2|5419 3934 -308 262 124 2|
9743 sims, score: 1.87 because 15.798705723816 vs 13.9272542848718
13790 7689 100
13717 6928 100
3326 7206 100
3326 7206 100
8236 6171 414 23 14 3|3822 8144 264 199 23 3|2247 7842 -197 -193 314 2|5057 4280 -307 294 123 2|
9683 sims, score: 1.91 because 15.8386727558454 vs 13.9332469155294
9205 6417 100
13628 6982 100
3326 7206 100
3326 7206 100
8747 6219 434 40 14 3|4186 8352 309 176 5 3|2136 7598 -94 -207 329 2|4699 4660 -304 323 121 2|
9750 sims, score: 1.92 because 15.8611368815391 vs 13.9459024922625
13640 7609 100
5183 8270 59
3326 7206 100
3326 7206 100
9277 6286 450 57 16 3|4554 8523 312 145 355 3|2137 7360 0 -202 342 2|4348 5071 -298 349 118 2|
9169 sims, score: 1.91 because 15.8703353484066 vs 13.9584711081944
13552 7566 100
5549 8424 71
3326 7206 100
3326 7206 100
9823 6372 463 72 17 3|4937 8661 325 117 354 3|2236 7145 84 -182 353 2|4007 5510 -290 373 116 2|
9605 sims, score: 1.91 because 15.8801977455163 vs 13.9715949493943
13588 7542 100
5930 8543 83
3326 7206 100
3326 7206 100
10381 6474 474 86 17 3|5344 8768 346 91 353 3|2420 6969 156 -149 3 2|3680 5976 -278 395 112 2|
9904 sims, score: 1.91 because 15.890792854425 vs 13.9825152355664
13572 7513 100
6336 8639 100
3326 7206 100
3326 7206 100
10950 6591 483 99 18 3|5789 8846 378 66 353 3|2670 6847 -371 211 15 2|3377 6466 326 100 106 2|
9770 sims, score: 1.94 because 15.9014444298869 vs 13.9621619431952
13604 7496 100
6779 8706 100
3326 7206 100
3326 7206 100
11528 6722 491 111 19 3|6266 8898 405 44 352 3|2387 7106 -240 220 29 2|3696 6666 271 169 94 2|
9882 sims, score: 2.03 because 15.912839216588 vs 13.8811603355145
12475 7042 70
13726 7603 100
3326 7206 100
3326 7206 100
12085 6855 473 113 19 3|6770 8925 427 22 350 3|2245 7345 -120 202 11 2|3930 6928 198 222 112 2|
9989 sims, score: 2.04 because 15.923814553112 vs 13.8811678028934
13026 7192 100
13611 7645 100
3326 7206 100
3326 7206 100
12652 7002 482 124 20 3|7295 8929 446 3 349 3|2224 7534 -17 160 353 2|4064 7227 113 253 130 2|
9673 sims, score: 2.05 because 15.9358416317933 vs 13.8894359265585
13582 7371 100
13676 7689 100
3326 7206 100
3326 7206 100
13227 7163 488 136 22 3|7839 8913 462 -13 349 3|2303 7665 67 111 343 2|4092 7533 24 260 148 2|
9879 sims, score: 2.06 because 15.9450465498687 vs 13.8846266454928
14134 7584 0
13586 7723 100
3326 7206 100
3326 7206 100
13715 7299 414 115 25 3|8399 8880 475 -28 348 3|2461 7735 134 59 336 2|4019 7817 -62 241 166 2|
9571 sims, score: 2.75 because 16.6424942106044 vs 13.8908192642342
14714 7346 0
13614 7752 100
3326 7206 100
3326 7206 100
14129 7414 351 97 7 4|8972 8831 486 -41 348 3|2680 7742 186 5 329 2|3857 8051 -137 199 184 2|
9961 sims, score: 2.77 because 16.6743901092758 vs 13.9010502573099
15107 7208 2
13600 7777 100
3326 7206 100
3326 7206 100
14482 7511 300 82 349 4|9556 8768 495 -53 347 3|2943 7683 223 -50 320 2|3627 8213 -195 137 202 2|
4524 sims, score: 2.00 because 16.707231239443 vs 14.7031137624676
15287 6918 0
13537 7806 100
3326 7206 100
3326 7206 100
14782 7593 255 69 331 4|10148 8692 503 -65 346 3|3100 7421 100 -256 309 3|3484 8419 -88 209 220 2|
6467 sims, score: 1.98 because 16.7425086488129 vs 14.7661962119972
15406 6811 6
11121 8462 100
14574 7695 100
3326 7206 100
15041 7658 220 54 313 4|10748 8604 510 -74 347 3|3284 7110 156 -264 327 3|3343 8543 -119 105 238 2|
9814 sims, score: 1.96 because 16.7754203258841 vs 14.8192813427138
9733 4840 100
11718 8360 100
14574 7695 100
3326 7206 100
15303 7621 222 -31 295 4|11355 8506 515 -83 346 3|3536 6820 214 -246 345 3|3200 8551 -121 6 256 2|
10138 sims, score: 1.93 because 16.8079653705575 vs 14.8750463529019
9781 5144 100
12320 8245 100
14574 7695 100
3326 7206 100
15537 7491 198 -110 277 4|11967 8397 519 -92 345 3|3850 6579 266 -205 3 3|3086 8457 -97 -79 274 2|
10073 sims, score: 1.96 because 16.8403575035144 vs 14.8799957045353
10042 5314 100
12928 8122 100
14574 7695 100
3326 7206 100
15716 7283 151 -176 259 4|12582 8277 522 -101 344 3|4215 6384 310 -165 6 3|3008 8280 -66 -150 281 2|
9924 sims, score: 1.99 because 16.8742706560658 vs 14.8861429581689
9948 5726 100
13533 7966 100
14574 7695 100
3326 7206 100
15818 7020 87 -223 241 4|13199 8145 524 -112 342 3|4624 6232 347 -129 7 3|2970 8034 -31 -209 286 2|
9981 sims, score: 2.00 because 16.9052944220844 vs 14.9010985853312
10338 5552 100
14127 7772 0
14574 7695 100
3326 7206 100
15832 6729 11 -247 223 4|13723 8033 445 -95 338 3|5070 6118 379 -97 8 3|2978 7733 7 -255 293 2|
9988 sims, score: 2.00 because 17.7144657603135 vs 15.7139435922303
10513 5589 100
14437 7333 0
14574 7695 100
3326 7206 100
15752 6440 -67 -245 205 4|14168 7938 378 -80 320 4|5548 6037 406 -68 9 3|3040 7395 52 -287 303 3|
9623 sims, score: 2.02 because 17.7551609227463 vs 15.7349345399461
14777 6216 99
9429 5273 100
14574 7695 100
14574 7695 100
15589 6173 -138 -227 193 4|14599 7773 366 -140 302 4|6052 5987 428 -42 10 3|3170 7046 110 -296 321 3|
10400 sims, score: 2.01 because 17.7805236562105 vs 15.7715703142983
14606 5991 100
9327 5501 100
14574 7695 100
14574 7695 100
15353 5928 -200 -208 190 4|14989 7536 331 -201 284 4|6578 5965 447 -18 11 3|3374 6715 173 -281 339 3|
10537 sims, score: 2.00 because 17.8064390311652 vs 15.8084502677876
14364 5779 100
9441 5704 100
14574 7695 100
14574 7695 100
15054 5705 -254 -189 189 4|15313 7235 275 -255 266 4|7123 5968 463 2 12 3|3647 6430 231 -242 357 3|
10275 sims, score: 2.01 because 17.8340058699266 vs 15.828736920947
14060 5591 100
9882 5647 100
14574 7695 100
14574 7695 100
14701 5505 -300 -170 187 4|15551 6887 202 -295 248 4|7683 5993 476 20 13 3|3977 6200 280 -195 7 3|
10084 sims, score: 2.03 because 17.863118086871 vs 15.8380576139828
13704 5430 100
9798 6119 100
14574 7695 100
14574 7695 100
14301 5327 -339 -150 184 4|15689 6515 117 -315 230 4|8256 6037 487 37 14 3|4356 6019 322 -153 8 3|
9966 sims, score: 2.05 because 17.8933106622886 vs 15.8472808743442
13302 5281 100
10259 5790 100
14574 7695 100
14574 7695 100
13862 5172 -373 -131 183 4|15721 6147 27 -312 212 4|8840 6099 496 53 15 3|4777 5882 357 -116 9 3|
10338 sims, score: 2.07 because 17.9256646920885 vs 15.8591901361115
12862 5166 100
10448 6075 100
14574 7695 100
14574 7695 100
13389 5040 -402 -111 180 4|15651 5811 -59 -285 194 4|9432 6179 503 67 16 3|5232 5784 387 -83 10 3|
10270 sims, score: 2.07 because 17.9368324685667 vs 15.8686882525461
12390 5084 100
10664 5646 100
14574 7695 100
14574 7695 100
12887 4933 -426 -90 177 4|15492 5523 -135 -245 182 4|10031 6274 509 80 16 3|5717 5721 412 -53 12 3|
10263 sims, score: 2.07 because 17.948680744216 vs 15.8788179087497
11892 5031 30
14493 5488 100
14574 7695 100
14574 7695 100
12431 4846 -387 -74 174 4|15257 5274 -199 -211 182 4|10635 6384 513 93 17 3|6227 5690 433 -26 13 3|
9805 sims, score: 2.07 because 17.954600619992 vs 15.8875849121906
11448 5031 0
14257 5257 92
14574 7695 100
14574 7695 100
12044 4772 -328 -62 169 4|14966 5061 -247 -180 181 4|11243 6509 516 105 18 3|6757 5687 450 -2 14 3|
9688 sims, score: 2.06 because 17.9590089165722 vs 15.8959840825329
11079 5035 100
11055 5415 100
14574 7695 100
14574 7695 100
11620 4736 -360 -30 165 4|14619 4890 -294 -145 175 4|11853 6648 518 117 20 3|7304 5710 464 19 14 3|
9334 sims, score: 2.07 because 17.9657024630058 vs 15.8979696915083
10713 5157 100
11153 5341 100
14574 7695 100
14574 7695 100
11169 4748 -383 10 155 4|14226 4758 -334 -112 173 4|12464 6801 519 129 21 3|7864 5755 476 38 15 3|
9952 sims, score: 2.79 because 18.694482330317 vs 15.909430287416
10172 4830 7
11263 5281 100
14574 7695 100
14574 7695 100
10779 4759 -331 9 173 5|13794 4663 -367 -80 170 4|13075 6969 519 142 23 3|8436 5821 486 55 16 3|
9782 sims, score: 2.80 because 18.7246220269211 vs 15.926076276871
14258 2285 100
12806 4819 100
14574 7695 100
14574 7695 100
10350 4749 -364 -8 191 5|13328 4599 -395 -54 171 4|13684 7155 517 157 26 3|9018 5905 494 71 17 3|
9223 sims, score: 2.13 because 18.7483962710847 vs 16.6134309310519
13897 2335 100
12349 4804 73
14574 7695 100
14574 7695 100
9899 4692 -383 -48 209 5|12862 4560 -396 -33 168 4|14286 7364 512 177 31 4|9607 6007 500 86 18 3|
10143 sims, score: 2.15 because 18.7733938270477 vs 16.6232126734692
13957 2426 100
11896 4818 100
10538 5038 100
14574 7695 100
9448 4571 -383 -103 227 5|12369 4553 -418 -6 165 4|14895 7564 517 169 13 4|10202 6125 505 100 19 3|
10338 sims, score: 2.15 because 18.8008025235604 vs 16.6506073117171
9113 3629 6
11424 4880 92
10538 5038 100
14574 7695 100
9062 4463 -327 -92 245 5|11864 4577 -429 20 161 4|15512 7725 524 136 355 4|10801 6259 509 113 20 3|
10182 sims, score: 2.16 because 18.828667816952 vs 16.6732259026164
9014 3464 0
10969 5024 49
10538 5038 100
14574 7695 100
8735 4371 -277 -78 263 5|11391 4619 -401 35 153 4|16128 7822 523 82 337 4|11403 6408 512 126 21 3|
10357 sims, score: 2.89 because 19.5802650307303 vs 16.6945216630175
14085 2599 100
10391 4634 0
10538 5038 100
14574 7695 100
8477 4195 -219 -149 281 5|10990 4654 -340 29 171 5|16727 7839 508 14 319 4|12008 6572 513 139 22 3|
10310 sims, score: 2.91 because 19.6283218952354 vs 16.7177791746907
9011 3350 57
10023 4401 0
10538 5038 100
14574 7695 100
8286 3996 -162 -168 299 5|10650 4683 -289 24 189 5|17287 7768 475 -60 301 4|12613 6751 513 152 24 3|
10427 sims, score: 2.93 because 19.679812388519 vs 16.7491126195855
13695 2950 100
9792 4169 0
10538 5038 100
14574 7695 100
8197 3760 -75 -200 317 5|10361 4707 -245 20 207 5|17785 7611 423 -133 283 4|13216 6946 512 166 26 3|
10228 sims, score: 2.95 because 19.734113528801 vs 16.7846781875739
13311 2919 100
9727 3934 0
10538 5038 100
14574 7695 100
8213 3518 13 -205 335 5|10116 4727 -208 17 225 5|18200 7378 352 -197 265 4|13816 7160 509 182 29 3|
9400 sims, score: 2.28 because 19.7804740665453 vs 17.4960186337773
9192 3316 100
13576 2277 100
10538 5038 100
14574 7695 100
8324 3293 94 -191 348 5|9863 4655 -214 -61 243 5|18513 7089 266 -245 247 4|14407 7400 502 203 35 4|
10021 sims, score: 2.28 because 19.8078151156512 vs 17.5283185793855
9310 3127 100
13727 2500 100
10538 5038 100
10538 5038 100
8517 3085 163 -176 350 5|9634 4495 -194 -135 261 5|18714 6768 170 -272 229 4|14969 7683 477 240 53 4|
9431 sims, score: 2.25 because 19.8356125684617 vs 17.5813626252717
9508 2951 100
13766 2791 100
10538 5038 100
10538 5038 100
8779 2896 222 -160 352 5|9456 4261 -150 -198 279 5|18799 6444 71 -275 211 4|15478 8018 432 284 71 4|
9740 sims, score: 2.23 because 19.8643387553001 vs 17.6351680051
9774 2794 100
13521 2893 100
10538 5038 100
10538 5038 100
9100 2726 273 -144 354 5|9352 3974 -88 -243 297 5|18773 6146 -22 -253 193 4|15911 8402 368 326 89 4|
10033 sims, score: 2.23 because 19.8936724929293 vs 17.6617782770296
10097 2650 100
13337 3014 100
10538 5038 100
10538 5038 100
9473 2574 316 -128 356 5|9335 3661 -14 -266 315 5|18652 5880 -102 -226 188 4|16249 8824 287 358 107 4|
9249 sims, score: 2.23 because 19.9243658990473 vs 17.6894859331966
10473 2544 100
13119 2969 100
10538 5038 100
10538 5038 100
9889 2443 353 -111 358 5|9410 3350 64 -264 333 5|18451 5644 -171 -200 186 4|16478 9264 194 373 125 4|
10021 sims, score: 2.23 because 19.9469030914263 vs 17.7185849610621
10889 2440 100
12914 3024 100
10538 5038 100
10538 5038 100
10342 2332 385 -94 360 5|9573 3071 138 -237 351 5|18180 5436 -230 -176 184 4|16592 9697 96 367 143 4|
10145 sims, score: 2.21 because 19.9559747948735 vs 17.7484927436482
11341 2386 13
10562 2924 62
10538 5038 100
10538 5038 100
10740 2239 338 -79 3 5|9772 2825 169 -209 352 5|17850 5255 -280 -154 183 4|16593 10096 1 339 161 4|
9927 sims, score: 2.18 because 19.9586108716645 vs 17.7805170826421
11738 2296 67
10763 2691 42
10538 5038 100
10538 5038 100
11145 2164 344 -63 3 5|9983 2610 179 -182 352 5|17470 5098 -322 -133 182 4|16494 10436 -84 289 179 4|
10021 sims, score: 2.16 because 19.9690204745064 vs 17.8136051116445
12138 2284 100
10981 2553 88
10538 5038 100
10538 5038 100
11588 2113 376 -43 7 5|10250 2423 226 -158 357 5|17048 4964 -358 -113 180 4|16314 10695 -152 220 197 4|
9654 sims, score: 2.13 because 19.9776799040403 vs 17.8477003785162
12563 2337 100
11250 2433 32
10538 5038 100
10538 5038 100
12061 2092 402 -17 13 5|10508 2265 219 -134 1 5|16590 4852 -389 -95 179 4|16080 10857 -198 137 215 4|
9193 sims, score: 2.78 because 20.6453918756644 vs 17.8654506314804
12117 2358 100
11506 2335 81
10538 5038 100
10538 5038 100
12549 2126 414 29 31 0|10808 2137 254 -109 4 5|16101 4760 -415 -78 178 4|15813 10922 -226 54 226 4|
9670 sims, score: 2.80 because 20.6744945403568 vs 17.873222485008
3701 2121 100
11798 2279 52
10538 5038 100
10538 5038 100
13029 2230 407 88 49 0|11113 2035 259 -86 8 5|15586 4687 -437 -62 177 4|15520 10902 -248 -17 228 4|
9951 sims, score: 2.82 because 20.7020581946836 vs 17.881826261494
3305 1909 100
12088 2258 100
10538 5038 100
10538 5038 100
13475 2410 379 153 67 0|11469 1971 303 -54 13 5|15049 4632 -456 -46 176 4|15207 10809 -265 -79 230 4|
9842 sims, score: 2.84 because 20.7317566305026 vs 17.8893641332019
3271 1660 100
12423 2271 100
10538 5038 100
10538 5038 100
13863 2663 329 214 85 0|11867 1947 338 -20 17 5|14493 4595 -472 -31 175 4|14879 10652 -278 -133 231 4|
9790 sims, score: 2.86 because 20.7620989326835 vs 17.8981991254786
3599 1555 100
12782 2351 100
10538 5038 100
10538 5038 100
14170 2974 260 264 103 0|12296 1967 365 17 24 5|13922 4575 -485 -16 174 4|14540 10440 -288 -180 232 4|
9694 sims, score: 3.57 because 21.4712370232731 vs 17.9012952273272
3644 1250 100
12998 2679 33
10538 5038 100
10538 5038 100
14379 3324 177 297 121 0|12686 2006 331 33 42 0|13338 4573 -496 -2 172 4|14192 10180 -295 -221 233 4|
9487 sims, score: 3.62 because 21.5259567160895 vs 17.9046760952814
3981 1209 100
13143 2896 33
10538 5038 100
10538 5038 100
14481 3687 86 308 139 0|13034 2068 295 52 60 0|12743 4587 -505 12 171 4|13839 9877 -299 -257 235 4|
9704 sims, score: 3.66 because 21.5823496191847 vs 17.9187222683529
4374 1511 100
13188 3056 13
10538 5038 100
10538 5038 100
14475 4034 -5 295 157 0|13332 2133 253 55 78 0|12140 4619 -512 27 168 4|13484 9537 -302 -288 236 4|
9877 sims, score: 3.71 because 21.6404969167893 vs 17.932666880235
4574 1415 100
13084 3102 0
10538 5038 100
10538 5038 100
14370 4338 -88 258 175 0|13585 2188 215 46 96 0|11531 4671 -517 44 165 4|13127 9165 -303 -315 237 4|
9827 sims, score: 3.06 because 21.7002707110401 vs 18.6383747224948
4780 1540 100
13063 3041 11
10538 5038 100
10538 5038 100
14185 4574 -157 200 193 0|13796 2244 178 47 114 0|10920 4750 -519 66 160 5|12771 8765 -302 -339 238 4|
9793 sims, score: 3.05 because 21.7343186784568 vs 18.6805091638184
13221 4308 100
4114 2063 100
13085 2317 100
10538 5038 100
13932 4747 -215 147 195 0|13907 2366 94 103 132 0|10301 4820 -526 59 178 5|12418 8340 -300 -361 239 4|
9794 sims, score: 3.07 because 21.7669552668383 vs 18.6990926031698
12973 4462 31
4221 1809 100
13085 2317 100
10538 5038 100
13687 4885 -208 117 197 0|13915 2519 6 130 150 0|9679 4852 -528 27 196 5|12069 7892 -297 -380 240 4|
9791 sims, score: 3.08 because 21.8003342681973 vs 18.7166047950506
12738 4570 100
4540 1728 100
13085 2317 100
10538 5038 100
13384 4970 -257 72 198 0|13823 2670 -77 128 168 0|9068 4823 -519 -24 214 5|11725 7424 -292 -397 242 4|
9678 sims, score: 3.09 because 21.8319780863992 vs 18.7376350484907
12435 4654 100
4749 1868 100
13085 2317 100
10538 5038 100
13032 5010 -299 34 198 0|13646 2789 -150 101 185 0|8487 4721 -493 -87 232 5|11388 6937 -286 -413 244 4|
9604 sims, score: 3.07 because 21.8394534781614 vs 18.7665783741546
5186 2110 100
12649 2713 100
13085 2317 100
10538 5038 100
12639 5009 -333 0 200 0|13396 2882 -212 79 184 0|7959 4540 -448 -153 250 5|11061 6433 -277 -428 246 4|
9740 sims, score: 3.05 because 21.8477375398429 vs 18.800383970594
11700 4665 97
5084 1986 100
13085 2317 100
10538 5038 100
12215 4976 -360 -28 200 0|13085 2950 -264 58 186 0|7507 4287 -384 -214 268 5|10749 5911 -265 -443 249 4|
9895 sims, score: 2.13 because 21.857036188111 vs 19.7306488962606
5289 2238 100
12090 2851 100
13085 2317 100
10538 5038 100
11762 4911 -385 -55 202 0|12721 2998 -308 40 186 0|7150 3977 -303 -263 286 5|10461 5371 -245 -459 256 5|
9604 sims, score: 2.11 because 21.8665224444854 vs 19.7541921461177
10831 4546 86
5257 2091 100
13085 2317 100
13085 2317 100
11297 4825 -395 -73 201 0|12314 3026 -346 23 187 0|6903 3631 -210 -294 304 5|10224 4812 -201 -474 274 5|
9411 sims, score: 2.08 because 21.8764148054613 vs 19.7982513404834
10371 4447 100
5354 2128 100
13085 2317 100
13085 2317 100
10809 4714 -414 -94 202 0|11869 3036 -378 8 187 0|6771 3275 -111 -302 322 5|10061 4246 -138 -481 292 5|
9373 sims, score: 2.04 because 21.8869883615299 vs 19.8436617074231
9885 4332 100
5363 2164 100
13085 2317 100
13085 2317 100
10303 4582 -430 -112 202 0|11392 3031 -405 -4 188 0|6754 2938 -14 -286 340 5|9988 3689 -62 -473 310 5|
9872 sims, score: 2.01 because 21.8979313903117 vs 19.8873701926951
9385 4185 100
5547 2191 100
13085 2317 100
13085 2317 100
9781 4430 -443 -128 203 0|10888 3013 -428 -15 188 0|6840 2642 72 -251 354 5|10011 3164 19 -446 328 5|
6911 sims, score: 2.01 because 21.896675829991 vs 19.8867735588753
5489 2449 100
9895 2893 100
13085 2317 100
13085 2317 100
9247 4260 -453 -144 205 0|10958 2915 134 -91 187 0|7012 2386 146 -217 357 5|9529 2762 -484 -332 345 5|
9797 sims, score: 2.01 because 21.9026109844648 vs 19.8917842868395
5773 2566 100
9963 2818 91
13085 2317 100
13085 2317 100
8704 4072 -461 -159 206 0|11001 2815 36 -84 186 0|7258 2168 209 -185 359 5|9144 2418 -327 -292 353 5|
10312 sims, score: 2.02 because 21.9097515383384 vs 19.8874067510989
5501 2505 100
4485 2358 100
13085 2317 100
13085 2317 100
8153 3869 -468 -172 206 0|10937 2724 -54 -77 184 0|7567 1986 262 -155 1 5|8917 2123 -192 -250 359 5|
10161 sims, score: 2.03 because 21.9180647362905 vs 19.8924819793023
5672 2589 100
9939 2656 97
13085 2317 100
13085 2317 100
7596 3651 -473 -185 207 0|10786 2640 -128 -71 184 0|7929 1837 307 -126 3 5|8825 1878 -78 -208 3 5|
7462 sims, score: 2.03 because 21.9264316735415 vs 19.8990402411674
5592 2584 100
9787 2589 100
13085 2317 100
13085 2317 100
7035 3419 -477 -197 208 0|10558 2564 -193 -64 183 0|8045 1713 16 -107 5 5|9137 1688 347 -159 6 5|
9977 sims, score: 2.04 because 21.9381768903574 vs 19.9024851432516
6146 2960 100
5021 2333 100
13085 2317 100
13085 2317 100
6469 3176 -480 -206 207 0|10265 2496 -248 -57 182 0|8160 1618 97 -80 7 5|9583 1545 378 -121 9 5|
10020 sims, score: 2.04 because 21.9489066295664 vs 19.9115989158006
5595 2690 100
5058 2295 100
13085 2317 100
13085 2317 100
5902 2921 -482 -216 209 0|9917 2435 -295 -51 182 0|8356 1552 166 -56 8 5|10059 1446 404 -84 12 5|
9913 sims, score: 2.04 because 21.9571772338886 vs 19.9200412316974
5050 2398 52
5311 2311 100
13085 2317 100
13085 2317 100
5376 2678 -447 -206 212 0|9522 2381 -335 -45 182 0|8621 1512 225 -34 9 5|10559 1390 425 -47 16 5|
10365 sims, score: 2.74 because 22.6700979718086 vs 19.9293134301582
4384 2556 0
5487 2305 100
13085 2317 100
13085 2317 100
4929 2472 -379 -175 194 1|9087 2334 -369 -39 181 0|8944 1496 274 -13 10 5|11078 1377 441 -10 20 5|
5950 sims, score: 2.76 because 22.6995599483055 vs 19.9426517727149
3953 2689 0
5478 2278 100
13085 2317 100
13085 2317 100
4550 2297 -322 -148 176 1|8618 2293 -398 -34 181 0|9316 1502 316 5 11 5|11610 1409 451 27 25 5|
10237 sims, score: 2.77 because 22.7304883445243 vs 19.9580479106865
3631 2691 0
5566 2267 100
13085 2317 100
13085 2317 100
4228 2149 -273 -125 158 1|8120 2258 -423 -29 180 0|9730 1528 351 22 12 5|12146 1488 455 67 32 5|
9995 sims, score: 2.81 because 22.7631327087293 vs 19.9542773146117
3534 2869 0
5494 2245 100
13085 2317 100
13085 2317 100
3955 2024 -232 -106 140 1|7597 2229 -444 -25 180 0|10178 1573 381 38 13 5|12676 1621 450 113 41 5|
10166 sims, score: 2.12 because 22.7957551942104 vs 20.6780461420808
3430 2875 0
5714 2246 100
13085 2317 100
13085 2317 100
3723 1918 -197 -90 122 1|7053 2205 -462 -20 179 0|10656 1636 406 53 14 5|13177 1820 425 169 59 0|
10003 sims, score: 2.13 because 22.8299051059723 vs 20.6971352960786
7974 5212 100
6053 2207 76
13085 2317 100
4561 2181 100
3502 1925 -187 6 104 1|6515 2185 -457 -16 180 0|11158 1716 426 67 16 5|13624 2087 379 226 77 0|
9784 sims, score: 2.14 because 22.8632451700312 vs 20.724120126231
7723 4910 100
5515 2191 100
13085 2317 100
4561 2181 100
3323 2031 -152 89 86 1|5958 2170 -473 -13 180 0|11679 1813 443 82 17 5|13994 2413 314 276 95 0|
9636 sims, score: 2.14 because 22.8948425542925 vs 20.7593861183098
7666 4731 100
4958 2196 64
13085 2317 100
4561 2181 100
3209 2213 -96 154 68 1|5421 2159 -456 -9 179 0|12216 1929 456 98 20 5|14268 2781 233 312 113 0|
9111 sims, score: 2.22 because 23.6953914250507 vs 21.4803686868128
7539 4601 100
4526 2604 0
13085 2317 100
4561 2181 100
3178 2443 -26 195 50 1|4965 2150 -387 -7 161 1|12763 2068 465 117 24 0|14435 3168 141 328 131 0|
9758 sims, score: 2.24 because 23.7469879849037 vs 21.5073636541503
7411 4380 100
4233 2832 0
4561 2181 100
4561 2181 100
3237 2691 50 210 32 1|4578 2143 -328 -5 143 1|13302 2252 458 156 42 0|14490 3547 46 322 149 0|
9882 sims, score: 2.22 because 23.7775118103315 vs 21.5600385110674
4132 3138 100
8351 4937 100
4561 2181 100
4561 2181 100
3376 2946 118 216 27 1|4193 2220 -326 65 125 1|13810 2495 431 206 60 0|14438 3891 -43 292 167 0|
9919 sims, score: 2.19 because 23.8037330807609 vs 21.6142702768231
4284 3364 100
3925 3183 41
4561 2181 100
4561 2181 100
3585 3204 177 219 25 1|3855 2324 -287 88 107 1|14262 2799 383 258 78 0|14295 4174 -121 240 185 0|
9815 sims, score: 2.19 because 23.8309775469601 vs 21.644631597439
4509 3586 100
8056 4702 100
4561 2181 100
4561 2181 100
3854 3461 229 218 22 1|3571 2512 -241 159 89 1|14634 3156 316 303 96 0|14076 4394 -186 186 192 0|
9540 sims, score: 2.19 because 23.8592710633524 vs 21.6742433961205
4791 3809 100
8149 4387 100
4561 2181 100
4561 2181 100
4177 3714 274 214 20 1|3363 2765 -176 215 71 1|14909 3550 233 335 114 0|13793 4557 -240 138 193 0|
9764 sims, score: 2.18 because 23.8891022829472 vs 21.7043786828207
5124 4035 64
7867 4277 100
4561 2181 100
4561 2181 100
4512 3949 284 199 19 1|3248 3059 -97 250 53 1|15075 3959 141 347 132 0|13456 4670 -286 96 194 0|
9698 sims, score: 2.18 because 23.9207415446044 vs 21.7364242258977
5469 4239 100
7686 4027 100
4561 2181 100
4561 2181 100
4892 4177 322 193 17 1|3233 3366 -12 260 35 1|15129 4356 46 337 150 0|13074 4739 -324 58 196 0|
9748 sims, score: 2.18 because 23.951859729998 vs 21.7696849597667
5861 4426 100
7365 4350 100
4561 2181 100
4561 2181 100
5311 4395 356 185 14 1|3317 3654 71 245 17 1|15077 4714 -44 304 168 0|12654 4768 -356 24 197 0|
9558 sims, score: 2.15 because 23.9553463418037 vs 21.8049743216138
6289 4602 0
4292 3877 89
4561 2181 100
4561 2181 100
5667 4580 302 157 12 1|3475 3919 134 225 13 1|14934 5007 -121 249 186 0|12203 4762 -383 -5 198 0|
9599 sims, score: 2.14 because 23.9608914375504 vs 21.820865448754
6661 4687 33
4458 4105 100
4561 2181 100
4561 2181 100
6002 4741 284 136 6 1|3707 4163 197 207 11 1|14717 5230 -184 189 195 0|11725 4725 -406 -31 199 0|
9569 sims, score: 2.14 because 23.9683367623633 vs 21.8304491423029
7001 4785 96
4689 4354 11
4561 2181 100
4561 2181 100
6382 4881 322 119 3 1|3915 4372 176 177 11 1|14437 5390 -237 136 197 0|11225 4661 -425 -54 200 0|
9499 sims, score: 2.88 because 24.7162378066525 vs 21.8409907228783
7306 5264 100
4908 4487 100
4561 2181 100
4561 2181 100
6798 5035 353 130 21 2|4190 4561 234 160 7 1|14105 5495 -282 89 198 0|10706 4572 -440 -75 200 0|
9733 sims, score: 2.89 because 24.7423216962624 vs 21.849830516257
7562 5680 0
5188 4627 100
4561 2181 100
4561 2181 100
7151 5165 300 110 39 2|4524 4728 283 141 4 1|13729 5551 -319 47 199 0|10173 4461 -453 -94 201 0|
9736 sims, score: 2.91 because 24.7683655098454 vs 21.8589206705088
2235 6806 100
5524 4747 100
4561 2181 100
4561 2181 100
7506 5358 301 164 57 2|4907 4871 325 121 1 1|13316 5563 -350 10 200 0|9627 4329 -463 -111 202 0|
9781 sims, score: 2.92 because 24.7945982713355 vs 21.8710056641772
2222 6604 100
5907 4840 100
4561 2181 100
4561 2181 100
7834 5618 278 221 75 2|5332 4989 361 100 358 1|12873 5537 -376 -22 201 0|9072 4179 -471 -127 203 0|
9839 sims, score: 2.94 because 24.8209112850662 vs 21.878742385825
2406 6474 100
6326 4881 100
4561 2181 100
4561 2181 100
8108 5939 232 272 93 2|5792 5078 391 75 354 1|12404 5478 -398 -50 202 0|8510 4012 -478 -142 204 0|
9935 sims, score: 2.96 because 24.8491004062478 vs 21.8890132246069
2661 6426 100
6773 4883 100
4561 2181 100
4561 2181 100
8305 6305 167 310 111 2|6281 5134 415 47 349 1|11914 5389 -416 -75 203 0|7941 3828 -483 -156 205 0|
10214 sims, score: 3.67 because 25.5696375320277 vs 21.8956479691888
2706 6055 100
7280 5086 100
4561 2181 100
4561 2181 100
8410 6693 89 330 129 2|6796 5176 437 35 357 2|11406 5274 -431 -97 204 0|7368 3628 -486 -169 206 0|
10276 sims, score: 3.72 because 25.6163559062721 vs 21.897259007125
3009 6030 100
7729 5535 0
4561 2181 100
4561 2181 100
8416 7078 4 327 147 2|7233 5211 371 29 15 2|10884 5136 -443 -117 204 0|6793 3413 -488 -182 207 0|
10349 sims, score: 3.76 because 25.6667265130555 vs 21.9065448003252
3316 6350 100
8006 5846 0
4561 2181 100
4561 2181 100
8324 7432 -78 300 165 2|7604 5240 315 24 33 2|10350 4977 -453 -135 205 0|6217 3183 -489 -195 209 0|
10246 sims, score: 3.80 because 25.7199176312825 vs 21.9205896730488
3535 6403 100
8129 6091 0
4561 2181 100
4561 2181 100
8146 7728 -151 251 183 2|7919 5264 267 20 51 2|9807 4799 -461 -151 206 0|5642 2936 -488 -209 211 0|
10020 sims, score: 3.81 because 25.7529673378434 vs 21.9392462196885
7159 7569 13
8163 6234 9
4561 2181 100
4561 2181 100
7982 7977 -139 211 189 2|8189 5292 229 24 69 2|9257 4603 -467 -166 207 0|5072 2670 -484 -226 215 0|
10340 sims, score: 3.16 because 25.7822581818777 vs 22.6242782818199
7005 7763 100
2636 7134 100
4561 2181 100
4561 2181 100
7745 8167 -201 161 192 2|8423 5416 198 105 87 2|8701 4391 -472 -180 207 0|4516 2375 -472 -250 224 1|
10525 sims, score: 3.17 because 25.8120064003404 vs 22.6411532613726
6779 7910 100
2867 6963 100
4561 2181 100
7339 4922 100
7447 8302 -252 114 195 2|8595 5617 145 171 105 2|8141 4164 -476 -193 208 0|3997 2037 -441 -287 242 1|
10478 sims, score: 3.17 because 25.8423639569334 vs 22.6696889292511
6493 8002 100
2845 6639 100
4561 2181 100
7339 4922 100
7100 8386 -295 71 197 2|8685 5872 76 216 123 2|7578 3923 -478 -205 209 0|3538 1652 -389 -327 260 1|
10209 sims, score: 3.18 because 25.874060044044 vs 22.6953248271498
6159 8047 94
3128 6642 100
4561 2181 100
7339 4922 100
6717 8425 -325 33 200 2|8683 6151 -1 236 141 2|7013 3668 -479 -216 210 0|3162 1226 -319 -362 278 1|
10021 sims, score: 3.19 because 25.9063714931178 vs 22.7147696567832
5791 8048 65
3330 6327 100
4561 2181 100
7339 4922 100
6332 8433 -327 7 202 2|8588 6422 -80 230 159 2|6448 3400 -479 -227 211 0|2886 774 -234 -384 296 1|
10339 sims, score: 3.18 because 25.9294696728971 vs 22.7461132106598
5425 8012 100
3540 6590 100
4561 2181 100
7339 4922 100
5914 8398 -355 -29 205 2|8408 6657 -152 199 177 2|5885 3119 -478 -239 213 0|2721 318 -140 -387 314 1|
10328 sims, score: 3.16 because 25.9389152908996 vs 22.7796292817374
5027 7936 100
3633 6804 100
4561 2181 100
7339 4922 100
5470 8323 -377 -63 208 2|8156 6859 -214 171 178 2|5325 2822 -475 -252 215 0|2669 -116 -44 -369 332 1|
10352 sims, score: 2.45 because 25.9469985611592 vs 23.4942666365632
4608 7816 100
3757 6862 100
4561 2181 100
7339 4922 100
5007 8209 -393 -96 210 2|7842 7030 -266 145 180 2|4773 2506 -468 -268 220 1|2723 -503 46 -328 350 1|
10361 sims, score: 2.43 because 25.957444703846 vs 23.5261345222384
4190 7633 100
6843 7063 85
7339 4922 100
7339 4922 100
4532 8055 -403 -130 215 2|7491 7178 -298 125 178 2|4212 2201 -476 -259 202 1|2868 -818 123 -267 8 1|
10422 sims, score: 2.39 because 25.9674837866963 vs 23.5804362720037
3782 7393 100
6492 7145 88
7339 4922 100
7339 4922 100
4054 7859 -406 -166 221 2|7105 7300 -328 103 182 2|3636 1935 -489 -226 184 1|3081 -1042 181 -190 26 1|
10072 sims, score: 3.02 because 26.6540789765517 vs 23.6310994752582
4709 7771 100
6107 7243 100
7339 4922 100
7339 4922 100
3597 7607 -388 -214 239 3|6677 7397 -363 82 183 2|3050 1733 -498 -171 166 1|3334 -1163 215 -102 44 1|
9657 sims, score: 3.01 because 26.6838987663205 vs 23.6710814766397
3439 6619 55
5681 7309 93
7339 4922 100
7339 4922 100
3197 7339 -339 -227 257 3|6221 7471 -387 62 185 2|2467 1615 -495 -100 148 1|3604 -1181 229 -15 57 1|
9852 sims, score: 3.02 because 26.7144598299146 vs 23.6932048199145
15341 8209 100
5229 7344 87
7339 4922 100
7339 4922 100
2867 7012 -280 -277 275 3|5748 7522 -402 43 187 2|1908 1592 -475 -19 130 1|3885 -1111 239 59 59 1|
9573 sims, score: 3.02 because 26.7459543678905 vs 23.7212655867529
15402 8514 100
4763 7349 100
7339 4922 100
7339 4922 100
2627 6643 -204 -313 293 3|5248 7548 -425 21 190 2|1396 1666 -435 62 112 1|4174 -965 245 123 60 1|
9397 sims, score: 3.03 because 26.7779078782467 vs 23.7485934865828
15040 8410 100
4274 7320 100
7339 4922 100
7339 4922 100
2489 6255 -117 -329 311 3|4726 7546 -444 -1 193 2|954 1828 -375 137 94 1|4466 -754 248 179 62 1|
8738 sims, score: 3.03 because 26.8110227759666 vs 23.7774645693876
14825 8401 100
3785 7208 100
7339 4922 100
7339 4922 100
2458 5875 -26 -322 329 3|4188 7511 -457 -29 200 2|603 2062 -298 198 76 1|4759 -486 249 227 63 1|
10038 sims, score: 3.68 because 27.4849265847156 vs 23.8079356490876
14637 8478 100
3426 6864 1
7339 4922 100
7339 4922 100
2530 5531 60 -292 347 3|3730 7481 -389 -25 218 3|358 2345 -208 240 58 1|5051 -169 248 269 64 1|
10247 sims, score: 3.70 because 27.5434085613499 vs 23.8399349049828
14397 8559 100
3303 6577 11
7339 4922 100
7339 4922 100
2690 5248 135 -240 5 3|3335 7447 -335 -28 236 3|227 2649 -111 258 40 1|5340 191 245 306 66 1|
10366 sims, score: 3.71 because 27.5837761576153 vs 23.873452070915
3667 5462 37
3126 6469 0
7339 4922 100
7339 4922 100
2861 5016 145 -197 12 3|3000 7419 -284 -23 254 3|209 2944 -15 251 22 1|5624 589 241 338 67 1|
10242 sims, score: 3.73 because 27.6157321617799 vs 23.8820303741643
3833 5253 100
3039 6420 5
7339 4922 100
7339 4922 100
3103 4843 205 -147 14 3|2716 7391 -241 -23 272 3|290 3222 69 236 16 1|5902 1020 236 366 68 1|
10174 sims, score: 3.76 because 27.6480041231902 vs 23.8883981253121
4070 5096 100
15264 7761 100
7339 4922 100
7339 4922 100
3405 4721 256 -103 15 3|2509 7274 -176 -99 290 3|456 3481 141 220 14 1|6173 1480 229 390 70 1|
10116 sims, score: 3.79 because 27.6799453610654 vs 23.892880305731
14022 7917 100
15026 7949 100
7339 4922 100
7339 4922 100
3757 4647 298 -63 17 3|2394 7096 -97 -151 308 3|695 3721 203 204 12 1|6434 1965 221 412 71 1|
10213 sims, score: 3.82 because 27.7143294250599 vs 23.8943455317408
13879 7842 100
14925 8241 100
7339 4922 100
7339 4922 100
4150 4614 334 -27 18 3|2380 6889 -12 -176 326 3|996 3943 256 188 10 1|6684 2473 212 431 73 1|
10056 sims, score: 3.85 because 27.7505503309937 vs 23.9053825812964
13865 7752 100
14600 8072 100
7339 4922 100
7339 4922 100
4579 4618 364 3 18 3|2464 6685 71 -173 344 3|1351 4146 301 172 9 1|6922 3001 202 448 75 1|
9896 sims, score: 3.87 because 27.7878168804475 vs 23.9190986995382
13829 7689 100
14341 8263 100
7339 4922 100
7339 4922 100
5038 4653 390 29 18 3|2635 6515 145 -144 2 3|1751 4331 340 157 7 1|7145 3547 189 463 78 1|
10212 sims, score: 3.87 because 27.800786029391 vs 23.9357216775966
13757 7634 100
14267 8000 100
7339 4922 100
7339 4922 100
5523 4714 411 52 19 3|2879 6384 207 -111 7 3|2190 4499 373 142 6 1|7348 4109 172 477 82 1|
9945 sims, score: 2.99 because 27.8100974346225 vs 24.8248264213097
13749 7591 100
14155 7920 100
7339 4922 100
7339 4922 100
6028 4799 429 72 19 3|3185 6286 260 -82 8 3|2663 4649 401 127 5 1|7519 4686 145 490 91 2|
8155 sims, score: 2.99 because 27.8202449487435 vs 24.8343973952886
6972 5129 100
13964 7887 100
7339 4922 100
3326 7206 100
6551 4904 444 89 19 3|3544 6219 305 -57 8 3|3164 4782 425 112 3 1|7632 5271 96 497 109 2|
10086 sims, score: 2.97 because 27.8300759355487 vs 24.8583698976665
7494 5238 100
13754 7848 100
7339 4922 100
3326 7206 100
7089 5026 457 104 20 3|3948 6178 343 -35 9 3|3689 4897 446 98 2 1|7668 5848 30 490 127 2|
9920 sims, score: 2.96 because 27.841356018961 vs 24.8818516741705
13611 7476 100
4937 6325 100
7339 4922 100
3326 7206 100
7640 5165 468 118 21 3|4390 6158 375 -17 8 3|4235 4996 464 83 0 1|7616 6396 -43 465 145 2|
10357 sims, score: 2.95 because 27.8516274589462 vs 24.9007595181237
13549 7436 100
13787 7731 100
7339 4922 100
3326 7206 100
8201 5319 477 130 21 3|4864 6158 402 0 10 3|4799 5077 479 68 359 1|7478 6891 -117 420 163 2|
10201 sims, score: 2.93 because 27.8632231115056 vs 24.9331904027978
13608 7432 100
13765 7695 100
7339 4922 100
3326 7206 100
8771 5485 484 141 21 3|5365 6175 425 14 10 3|5378 5139 491 52 357 1|7261 7319 -184 363 176 2|
10792 sims, score: 2.94 because 27.8751845101021 vs 24.9341108366852
9701 5851 100
13663 7665 100
7339 4922 100
3326 7206 100
9348 5663 490 150 21 3|5888 6207 444 26 10 3|5968 5180 501 34 354 1|6977 7679 -241 306 182 2|
10895 sims, score: 2.94 because 27.8868533280306 vs 24.9490466378106
10277 6034 100
13389 7626 100
7339 4922 100
3326 7206 100
9931 5850 495 159 22 3|6430 6252 460 37 11 3|6567 5196 509 13 349 1|6637 7972 -289 249 187 2|
10927 sims, score: 2.29 because 27.8992039683662 vs 25.6092017024322
10857 6228 100
13543 7612 100
7339 4922 100
3326 7206 100
10519 6047 499 167 22 3|6988 6308 474 47 11 3|7170 5176 512 -17 340 2|6251 8198 -328 192 193 2|
10182 sims, score: 2.28 because 27.9107980408813 vs 25.6270471799387
11440 6436 100
13363 7575 100
3326 7206 100
3326 7206 100
11110 6253 502 175 23 3|7560 6374 486 56 11 3|7782 5156 520 -16 358 2|5828 8358 -359 135 199 2|
10270 sims, score: 2.25 because 27.9236311633269 vs 25.6702192584913
12030 6645 100
13442 7565 100
3326 7206 100
3326 7206 100
11704 6467 504 182 23 3|8144 6450 496 64 11 3|8398 5168 523 10 16 2|5378 8451 -382 79 205 2|
10423 sims, score: 2.24 because 27.9362172614755 vs 25.6978392023711
12619 6870 100
13531 7560 100
3326 7206 100
3326 7206 100
12300 6689 506 188 24 3|8738 6534 504 71 12 3|9003 5235 514 56 34 2|4911 8478 -397 23 211 2|
10044 sims, score: 2.22 because 27.9487417511357 vs 25.7289125515105
13207 7110 100
13531 7548 100
3326 7206 100
3326 7206 100
12897 6919 507 195 25 3|9340 6626 511 77 12 3|9578 5370 488 114 52 2|4436 8438 -403 -33 219 2|
9931 sims, score: 2.21 because 27.9606249716853 vs 25.7528455929537
13792 7365 100
13173 7484 100
3326 7206 100
3326 7206 100
13494 7159 507 203 26 3|9949 6725 517 84 13 3|10099 5578 443 177 70 2|3966 8331 -399 -91 228 2|
9968 sims, score: 2.89 because 28.6568419967153 vs 25.7620628107417
14492 7220 74
13513 7523 100
3326 7206 100
3326 7206 100
14074 7373 493 181 8 4|10564 6831 522 89 13 3|10545 5855 378 235 88 2|3518 8153 -381 -151 240 2|
9523 sims, score: 2.93 because 28.6874926326578 vs 25.7576800763374
15036 7099 0
13515 7514 100
3326 7206 100
3326 7206 100
14567 7554 419 153 350 4|11183 6943 526 94 13 3|10895 6186 297 281 106 2|3117 7904 -340 -211 258 2|
7504 sims, score: 2.97 because 28.7195240338486 vs 25.7504757781956
8903 4441 100
12165 7130 100
3326 7206 100
3326 7206 100
15075 7661 431 90 332 4|11864 7179 585 214 11 3|11079 6426 149 190 124 2|2788 7594 -279 -263 276 2|
10412 sims, score: 3.00 because 28.751177085098 vs 25.7504901432785
15720 6897 0
12855 7314 100
3326 7206 100
3326 7206 100
15506 7751 366 76 314 4|12548 7406 581 193 8 3|11149 6677 59 213 142 2|2550 7240 -202 -300 294 2|
10423 sims, score: 3.01 because 28.7833578578529 vs 25.7693400409473
15859 6815 57
13546 7465 100
3326 7206 100
3326 7206 100
15897 7776 332 21 296 4|13229 7605 578 169 3 3|11114 6923 -29 209 160 2|2415 6866 -114 -317 312 2|
10195 sims, score: 3.01 because 28.8118009128632 vs 25.800861561194
9360 4964 100
14224 7503 45
3326 7206 100
3326 7206 100
16244 7698 294 -66 278 4|13852 7769 529 139 354 3|10985 7136 -109 180 178 2|2388 6500 -23 -311 330 2|
9929 sims, score: 3.78 because 29.583198221836 vs 25.8057673662556
9628 5242 100
14699 7237 0
3326 7206 100
3326 7206 100
16521 7533 235 -139 260 4|14381 7908 449 118 336 4|10776 7317 -177 153 179 2|2463 6169 63 -281 348 2|
10028 sims, score: 3.81 because 29.6345713901292 vs 25.8196623307492
9655 5561 100
15112 7226 0
3326 7206 100
3326 7206 100
16710 7305 160 -193 242 4|14830 8026 381 100 318 4|10499 7469 -235 128 181 2|2625 5899 138 -229 6 2|
9721 sims, score: 3.85 because 29.688418954187 vs 25.8362263662396
10207 5437 100
15275 7131 1
3326 7206 100
3326 7206 100
16799 7042 75 -223 224 4|15212 8125 324 84 300 4|10164 7593 -284 105 182 2|2854 5711 194 -159 24 2|
9170 sims, score: 3.89 because 29.744522183847 vs 25.8541493538422
10280 5804 100
15363 7136 0
3326 7206 100
3326 7206 100
16784 6774 -12 -227 206 4|15536 8209 275 71 282 4|9780 7692 -326 84 183 2|3122 5619 227 -77 42 2|
9715 sims, score: 3.92 because 29.792049322382 vs 25.8734840319897
15811 6545 100
9748 4834 100
3326 7206 100
3326 7206 100
16675 6524 -92 -212 193 4|15801 8181 225 -24 264 4|9354 7768 -361 65 184 2|3398 5629 234 8 60 2|
10041 sims, score: 3.93 because 29.8232578939743 vs 25.8932594970162
15698 6313 100
15369 7279 72
3326 7206 100
3326 7206 100
16485 6291 -161 -198 192 4|15997 8091 166 -76 246 4|8893 7824 -391 47 185 2|3652 5735 216 90 78 2|
10161 sims, score: 3.94 because 29.8563968579787 vs 25.9138915392203
15501 6114 100
10103 5237 100
3326 7206 100
3326 7206 100
16226 6075 -220 -183 190 4|16096 7941 84 -127 228 4|8403 7860 -416 30 186 2|3857 5924 174 160 96 2|
10247 sims, score: 3.96 because 29.8909285095352 vs 25.9342175335931
15238 5918 100
10322 5365 100
3326 7206 100
3326 7206 100
15907 5876 -270 -168 189 4|16094 7764 -2 -150 210 4|7888 7877 -437 14 187 2|3993 6176 115 214 112 2|
10829 sims, score: 3.95 because 29.9007588333208 vs 25.9480091198999
14916 5742 90
10543 5408 100
3326 7206 100
3326 7206 100
15548 5696 -305 -153 188 4|16000 7575 -79 -160 203 4|7352 7876 -455 0 188 2|4054 6474 51 253 123 2|
10920 sims, score: 3.96 because 29.907513945262 vs 25.9461978177016
14553 5595 19
10713 5393 100
3326 7206 100
3326 7206 100
15224 5541 -275 -131 186 4|15829 7377 -145 -168 202 4|6798 7860 -470 -13 189 2|4034 6798 -16 275 135 2|
10854 sims, score: 3.98 because 29.9140488523216 vs 25.9312863269209
14230 5436 100
10854 5404 100
3326 7206 100
3326 7206 100
14850 5399 -318 -120 186 4|15591 7172 -202 -174 202 4|6230 7828 -483 -26 191 2|3931 7123 -87 276 150 2|
10937 sims, score: 3.36 because 29.9222475979485 vs 26.5645356155683
11192 5285 100
10952 5394 100
3326 7206 100
3326 7206 100
14432 5276 -355 -104 182 4|15296 6962 -251 -178 201 4|5649 7781 -493 -39 192 2|3746 7420 -157 252 168 3|
10473 sims, score: 3.34 because 29.9345241109262 vs 26.5963835243519
13433 5238 100
11057 5406 100
3326 7206 100
14574 7695 100
13977 5168 -386 -91 182 4|14951 6750 -293 -180 200 4|5059 7718 -501 -53 194 2|3502 7722 -207 256 150 3|
9766 sims, score: 3.31 because 29.9435728804836 vs 26.6309226419105
12977 5146 100
11127 5400 100
3326 7206 100
14574 7695 100
13491 5075 -413 -79 181 4|14564 6537 -329 -181 199 4|4462 7637 -507 -69 196 2|3228 8052 -232 280 132 3|
9341 sims, score: 3.28 because 29.9543030816805 vs 26.671205932619
12491 5092 100
11276 5444 100
3326 7206 100
14574 7695 100
12978 4998 -436 -65 179 4|14140 6324 -360 -180 198 4|3862 7533 -510 -88 201 2|2955 8423 -231 315 114 3|
8808 sims, score: 2.62 because 29.9641308721249 vs 27.3439768501196
11979 5045 56
11259 5398 100
3326 7206 100
14574 7695 100
12486 4936 -418 -53 177 4|13685 6113 -386 -179 198 4|3267 7393 -506 -119 211 3|2713 8837 -205 352 96 3|
9895 sims, score: 2.59 because 29.9742175099245 vs 27.3800534176424
11491 5037 86
11387 5432 100
14574 7695 100
14574 7695 100
11982 4892 -428 -37 174 4|13203 5906 -409 -176 197 4|2696 7198 -485 -165 229 3|2529 9287 -156 382 78 3|
9670 sims, score: 2.55 because 29.9843442471983 vs 27.4309993735865
10998 5070 90
11366 5394 100
14574 7695 100
14574 7695 100
11465 4871 -439 -17 170 4|12698 5703 -429 -172 196 4|2173 6941 -444 -218 247 3|2423 9756 -90 398 60 3|
9564 sims, score: 3.26 because 30.7482213697659 vs 27.4832448936762
10498 4615 0
11397 5382 100
14574 7695 100
14574 7695 100
11026 4854 -373 -14 188 5|12172 5507 -447 -166 194 4|1721 6623 -384 -270 265 3|2407 10221 -13 395 42 3|
10098 sims, score: 3.24 because 30.7759783657111 vs 27.5371926307682
10175 4328 39
11200 5271 100
14574 7695 100
14574 7695 100
10618 4823 -346 -26 206 5|11628 5317 -462 -161 194 4|1360 6256 -306 -312 283 3|2485 10657 66 370 24 3|
10134 sims, score: 4.01 because 31.605382485548 vs 27.5931900045183
9905 4122 68
10865 4671 65
14574 7695 100
14574 7695 100
10223 4750 -335 -62 224 5|11111 5122 -439 -165 212 5|1106 5859 -215 -337 301 3|2650 11038 140 323 6 3|
9370 sims, score: 3.99 because 31.6428968769462 vs 27.6513988744059
9772 3857 49
10560 4288 43
14574 7695 100
14574 7695 100
9865 4645 -304 -89 242 5|10644 4924 -396 -168 230 5|967 5457 -118 -341 319 3|2888 11340 202 256 348 3|
7285 sims, score: 4.00 because 31.6838268510676 vs 27.684475292068
9840 3645 0
14614 2966 100
14574 7695 100
14574 7695 100
9393 4500 -426 -131 260 5|10378 4719 -200 -165 248 5|941 5078 -21 -322 337 3|3185 11566 252 192 343 3|
9627 sims, score: 4.01 because 31.7283081735405 vs 27.7184513496848
14782 2839 100
10354 3719 0
14574 7695 100
14574 7695 100
8980 4270 -350 -195 278 5|10178 4554 -170 -140 266 5|1020 4748 66 -280 355 3|3532 11726 294 135 341 3|
9833 sims, score: 4.02 because 31.7756186319045 vs 27.7541542455116
14029 2843 100
10470 3598 0
14574 7695 100
14574 7695 100
8673 3985 -260 -242 296 5|10008 4414 -144 -119 284 5|1184 4489 139 -219 12 3|3920 11827 329 85 340 3|
9875 sims, score: 4.07 because 31.8259838125499 vs 27.7565667283845
14036 3202 100
13552 2703 100
14574 7695 100
14574 7695 100
8482 3671 -162 -267 314 5|9916 4210 -77 -173 302 5|1420 4293 200 -166 13 3|4342 11876 358 41 339 3|
9791 sims, score: 4.11 because 31.8790524749882 vs 27.7653311434771
13410 2853 100
13334 2876 100
14574 7695 100
14574 7695 100
8408 3357 -62 -267 332 5|9915 3972 0 -202 320 5|1717 4152 252 -119 15 3|4793 11879 382 2 338 3|
9846 sims, score: 4.15 because 31.9302898644885 vs 27.7765196446565
13240 2987 100
10825 3557 100
14574 7695 100
14574 7695 100
8444 3072 30 -242 350 5|10006 3729 77 -206 335 5|2065 4060 296 -78 15 3|5267 11842 402 -31 337 3|
9799 sims, score: 4.14 because 31.931867542268 vs 27.7872918650649
9438 2961 0
10943 3379 52
14574 7695 100
14574 7695 100
8474 2830 25 -205 354 5|10132 3505 106 -190 340 5|2457 4010 333 -42 16 3|5760 11770 419 -60 336 3|
9762 sims, score: 4.14 because 31.9343767835623 vs 27.7956394635852
9472 2774 2
11070 3157 69
14574 7695 100
14574 7695 100
8501 2625 22 -174 357 5|10303 3291 145 -181 340 5|2886 3997 364 -10 17 3|6270 11668 433 -86 335 3|
9620 sims, score: 4.13 because 31.9371663618804 vs 27.8067477504515
9499 2568 54
11266 3021 100
14574 7695 100
14574 7695 100
8577 2448 64 -150 357 5|10544 3083 205 -176 344 5|3345 4017 390 17 18 3|6793 11539 444 -109 334 3|
9878 sims, score: 4.12 because 31.9431287575461 vs 27.8182870562849
12946 2642 100
11512 2830 100
14574 7695 100
14574 7695 100
8741 2302 139 -123 3 5|10846 2882 256 -171 345 5|3830 4065 412 40 18 3|7327 11386 453 -130 334 3|
9868 sims, score: 4.12 because 31.9509572045411 vs 27.828688559193
9739 2362 65
11828 2695 100
14574 7695 100
14574 7695 100
8945 2183 173 -101 3 5|11200 2692 301 -161 349 5|4337 4137 430 61 19 3|7869 11211 460 -149 333 3|
9911 sims, score: 4.12 because 31.959621071509 vs 27.8420124775399
9943 2249 100
12189 2545 71
14574 7695 100
14574 7695 100
9218 2089 231 -80 4 5|11571 2521 315 -145 352 5|4861 4231 445 79 19 3|8418 11016 466 -166 332 3|
9750 sims, score: 4.11 because 31.9667333837691 vs 27.8535799730589
12616 2480 100
12570 2472 100
14574 7695 100
14574 7695 100
9548 2020 280 -58 7 5|11986 2371 352 -127 357 5|5400 4344 458 95 20 3|8972 10803 470 -181 332 3|
9780 sims, score: 4.11 because 31.9724699674239 vs 27.8638097413991
12513 2435 100
12981 2468 44
14574 7695 100
14574 7695 100
9927 1976 322 -37 8 5|12382 2248 336 -104 6 5|5952 4473 469 109 20 3|9529 10573 473 -195 331 3|
9891 sims, score: 4.75 because 32.6274958324013 vs 27.8753094633933
10918 2109 100
12229 2582 100
14574 7695 100
14574 7695 100
10348 1952 357 -20 8 5|12810 2184 363 -54 24 0|6515 4617 478 122 20 3|10089 10328 475 -207 330 3|
9769 sims, score: 4.77 because 32.6589873969507 vs 27.8868271723753
11335 2113 100
3544 2332 100
14574 7695 100
14574 7695 100
10804 1948 387 -3 9 5|13248 2196 372 10 42 0|7086 4775 485 134 21 3|10650 10070 477 -218 330 3|
9797 sims, score: 4.79 because 32.6886728407451 vs 27.896890275059
11782 2156 100
3547 2154 100
14574 7695 100
14574 7695 100
11289 1966 412 15 12 5|13671 2292 359 81 60 0|7664 4945 491 144 21 3|11213 9800 478 -229 329 3|
9749 sims, score: 4.81 because 32.7212241514213 vs 27.9070852702598
12260 2205 100
3310 1899 100
14574 7695 100
14574 7695 100
11798 2005 432 33 14 5|14052 2471 323 151 78 0|8248 5126 496 153 22 3|11776 9518 478 -239 328 3|
9824 sims, score: 4.84 because 32.7498512033872 vs 27.9112796010334
12752 2304 23
3775 1813 100
14574 7695 100
14574 7695 100
12252 2045 385 33 17 5|14365 2722 266 212 96 0|8837 5317 500 162 22 3|12338 9224 477 -249 327 3|
9809 sims, score: 5.53 because 33.4477087478274 vs 27.9143831634862
13037 2665 5
3885 1642 100
14574 7695 100
14574 7695 100
12641 2081 330 30 35 0|14591 3026 192 258 114 0|9429 5517 503 170 23 3|12898 8919 475 -259 326 3|
9880 sims, score: 5.57 because 33.5033562677873 vs 27.9291659679327
13235 2886 0
4171 1657 100
14574 7695 100
14574 7695 100
12971 2111 280 25 53 0|14717 3359 106 282 132 0|10024 5726 505 177 23 3|13454 8601 472 -270 324 3|
9658 sims, score: 5.62 because 33.5604825661557 vs 27.9439260839909
13257 3069 0
4188 1189 100
14574 7695 100
14574 7695 100
13251 2136 238 21 71 0|14737 3692 16 282 150 0|10621 5943 507 184 23 3|14004 8268 467 -282 321 3|
9951 sims, score: 4.85 because 33.6191348293863 vs 28.7700158944613
13253 3136 0
4518 1426 100
14574 7695 100
14574 7695 100
13489 2157 202 17 89 0|14655 3996 -69 257 168 0|11219 6168 508 190 24 3|14542 7915 456 -299 315 4|
10004 sims, score: 4.91 because 33.6792709345188 vs 28.7692023541001
13139 3094 9
4812 1246 100
14574 7695 100
10538 5038 100
13688 2183 169 21 107 0|14486 4243 -143 210 186 0|11818 6399 509 196 24 3|15043 7527 425 -329 297 4|
9965 sims, score: 4.93 because 33.7208530445054 vs 28.786640943094
4019 2114 100
13514 4007 100
14574 7695 100
10538 5038 100
13799 2286 94 87 125 0|14246 4429 -204 158 194 0|12417 6638 509 202 25 3|15483 7099 374 -363 279 4|
9760 sims, score: 4.96 because 33.7553824890442 vs 28.8002609461639
4371 2005 100
13276 4185 100
14574 7695 100
10538 5038 100
13813 2433 11 124 143 0|13945 4563 -255 113 194 0|13016 6884 508 209 26 3|15841 6637 304 -392 261 4|
9852 sims, score: 4.96 because 33.7902031670813 vs 28.8295601901049
4528 1807 100
12981 4298 86
14574 7695 100
10538 5038 100
13729 2589 -71 132 161 0|13607 4653 -287 76 195 0|13613 7139 507 216 27 3|16099 6156 219 -408 243 4|
10003 sims, score: 4.28 because 33.8266512048086 vs 29.542063232117
4731 1864 100
12647 4374 100
14574 7695 100
10538 5038 100
13558 2722 -145 113 179 0|13224 4701 -325 40 196 0|14207 7405 504 226 30 4|16247 5677 125 -406 225 4|
9889 sims, score: 4.27 because 33.8397557974906 vs 29.5667177789156
4855 1952 100
12270 4401 100
10538 5038 100
10538 5038 100
13313 2826 -207 88 185 0|12804 4711 -357 8 197 0|14809 7652 511 209 12 4|16283 5226 30 -383 207 4|
10070 sims, score: 4.23 because 33.8482235817091 vs 29.6215196970003
5071 1964 100
11852 4406 100
10538 5038 100
10538 5038 100
13007 2904 -260 65 186 0|12352 4688 -384 -19 198 0|15419 7851 518 168 354 4|16214 4828 -58 -338 189 4|
9957 sims, score: 4.20 because 33.857600169188 vs 29.6594410381854
5196 2022 100
11404 4370 100
10538 5038 100
10538 5038 100
12648 2958 -305 45 186 0|11873 4637 -406 -43 199 0|16028 7978 517 108 336 4|16056 4494 -134 -284 178 4|
10024 sims, score: 4.19 because 33.8674880375408 vs 29.6734765138495
5243 2080 100
10928 4309 100
10538 5038 100
10538 5038 100
12244 2991 -343 28 187 0|11373 4561 -425 -64 199 0|16619 8019 502 34 318 4|15822 4220 -198 -233 174 4|
9954 sims, score: 4.18 because 33.8768471057651 vs 29.7002586217977
5256 2124 100
5429 2312 100
10538 5038 100
10538 5038 100
11802 3007 -375 13 187 0|10854 4462 -440 -84 201 0|17171 7966 469 -44 300 4|15525 4002 -252 -185 171 4|
9911 sims, score: 4.16 because 33.887451789781 vs 29.7273810732275
5380 2153 100
5453 2351 100
10538 5038 100
10538 5038 100
11328 3007 -403 0 188 0|10321 4342 -453 -102 201 0|17661 7824 416 -120 282 4|15175 3837 -297 -139 168 4|
9923 sims, score: 4.14 because 33.8987287026252 vs 29.7555891086039
5521 2181 100
9392 3971 100
10538 5038 100
10538 5038 100
10826 2993 -426 -11 188 0|9775 4203 -463 -118 202 0|18067 7605 344 -186 264 4|14781 3723 -334 -96 165 4|
10155 sims, score: 4.13 because 33.9096075138628 vs 29.7844151806687
5461 2204 100
5586 2442 100
10538 5038 100
10538 5038 100
10301 2967 -446 -21 188 0|9220 4046 -471 -133 203 0|18370 7328 257 -235 246 4|14351 3657 -365 -56 163 4|
9809 sims, score: 4.11 because 33.9219738040693 vs 29.8144276466721
5813 2240 100
8297 3662 100
10538 5038 100
10538 5038 100
9756 2930 -463 -31 189 0|8657 3875 -478 -145 203 0|18560 7019 161 -262 228 4|13892 3635 -390 -18 160 4|
10224 sims, score: 4.09 because 33.9337766940547 vs 29.8453912528686
5525 2246 100
7734 3490 100
10538 5038 100
10538 5038 100
9194 2883 -477 -39 189 0|8087 3692 -484 -155 203 0|18634 6707 63 -265 210 4|13410 3656 -409 17 157 4|
9701 sims, score: 4.07 because 33.9457768376036 vs 29.8805809377584
5804 2283 100
7174 3283 100
10538 5038 100
10538 5038 100
8619 2827 -489 -47 190 0|7512 3496 -488 -166 204 0|18599 6421 -29 -242 192 4|12911 3716 -424 51 154 4|
9995 sims, score: 4.07 because 33.9574087110948 vs 29.8854374959281
5744 2295 100
6608 3067 100
10538 5038 100
10538 5038 100
8032 2762 -499 -55 190 0|6934 3287 -491 -177 205 0|18471 6162 -108 -220 190 4|12400 3816 -434 84 151 4|
9949 sims, score: 4.07 because 33.9704631653566 vs 29.8992295066577
5590 2294 100
6038 2843 100
10538 5038 100
10538 5038 100
7435 2688 -507 -62 191 0|6353 3066 -493 -188 206 0|18264 5928 -175 -198 188 4|11882 3955 -439 118 147 4|
10134 sims, score: 4.07 because 33.9823502674066 vs 29.9154716969176
5601 2308 100
5473 2592 100
10538 5038 100
10538 5038 100
6830 2606 -514 -69 192 0|5772 2831 -493 -200 208 0|17990 5719 -233 -178 187 4|11365 4136 -439 153 141 4|
10061 sims, score: 4.07 because 33.9887916966546 vs 29.9185551331104
5678 2331 100
4929 2293 72
10538 5038 100
10538 5038 100
6219 2514 -519 -78 193 0|5218 2592 -470 -202 213 0|17657 5532 -282 -159 185 4|10858 4363 -430 192 133 4|
10094 sims, score: 4.07 because 34.6992332657097 vs 30.6279648568819
5241 2308 25
4235 2411 0
10538 5038 100
10538 5038 100